CROM	POS	HG00116_AD_REF	HG00116_DP	HG01130_AD_REF	HG01130_DP	HG01885_AD_REF	HG01885_DP
chrY	2472507	4	4	5	5	0	14
chrY	2472742	4	4	5	5	0	19
chrY	2477255	0	24	4	4	7	7
chrY	2484255	0	22	4	4	0	12
chrY	2489519	3	3	3	3	0	19
chrY	2495354	0	19	3	3	7	7
chrY	2495526	0	33	3	3	7	7
chrY	2516649	8	8	6	6	0	18
chrY	2531297	9	9	5	5	0	21
chrY	2537718	9	9	5	5	0	22
chrY	2548259	9	9	5	5	0	21
chrY	2552544	8	8	5	5	0	17
chrY	2556580	10	10	5	5	0	17
chrY	2556951	10	10	0	21	7	7
chrY	2565263	10	10	5	5	0	20
chrY	2571224	7	7	5	5	0	11
chrY	2571236	7	7	5	5	0	12
chrY	2571639	7	7	5	5	0	15
chrY	2612858	0	26	4	4	6	6
chrY	2613812	9	9	4	4	0	19
chrY	2619706	0	12	4	4	4	4
chrY	2626552	0	18	4	4	7	7
chrY	2635187	0	24	4	4	6	6
chrY	2635308	9	9	4	4	0	12
chrY	2636519	9	9	4	4	0	18
chrY	2640233	9	9	4	4	0	18
chrY	2640469	0	24	0	12	0	26
chrY	2641901	11	11	7	7	0	17
chrY	2645552	0	12	7	7	9	9
chrY	2645690	10	10	7	7	0	15
chrY	2651333	0	18	7	7	7	7
chrY	2651335	0	18	7	7	7	7
chrY	2672786	6	6	6	6	0	13
chrY	2673572	6	6	6	6	0	27
chrY	2675734	6	6	6	6	2	26
chrY	2675735	6	6	6	6	2	26
chrY	2683663	6	6	6	6	0	15
chrY	2683665	6	6	6	6	0	15
chrY	2685114	6	6	6	6	0	12
chrY	2696945	0	13	6	6	7	7
chrY	2706555	0	14	6	6	7	7
chrY	2710118	11	11	6	6	0	23
chrY	2711961	0	26	6	6	7	7
chrY	2720143	9	9	6	6	0	17
chrY	2721495	9	9	6	6	0	20
chrY	2743293	0	17	3	3	4	4
chrY	2743299	0	17	3	3	4	4
chrY	2746034	0	15	3	3	4	4
chrY	2767940	8	8	3	3	0	20
chrY	2776724	1	23	3	3	4	4
chrY	2783020	7	7	3	3	0	15
chrY	2795092	8	8	3	3	0	11
chrY	2830877	0	21	3	3	0	21
chrY	2836740	0	15	3	3	7	7
chrY	2839184	0	36	3	3	7	7
chrY	2845470	0	22	3	3	7	7
chrY	2846881	11	11	3	3	3	13
chrY	2850655	0	23	3	3	3	3
chrY	2853111	0	19	3	3	3	3
chrY	2856034	0	26	3	3	3	3
chrY	2883857	0	18	3	3	0	16
chrY	2885235	0	14	3	3	5	5
chrY	2910880	9	9	4	4	0	10
chrY	2912706	9	9	4	4	0	19
chrY	2919231	0	13	4	4	0	17
chrY	2927256	0	23	4	4	6	6
chrY	2933058	0	27	4	4	6	6
chrY	2933059	0	27	4	4	6	6
chrY	2962836	0	18	3	3	7	7
chrY	2973769	9	9	3	3	0	15
chrY	2977649	5	5	3	3	0	10
chrY	2994009	5	5	3	3	0	20
chrY	3001771	5	5	3	3	0	21
chrY	3028488	0	28	3	3	0	17
chrY	3037271	5	5	0	13	4	4
chrY	3046115	5	5	4	4	0	17
chrY	3050623	5	5	4	4	4	24
chrY	3055282	5	5	4	4	0	10
chrY	3056251	5	5	4	4	0	21
chrY	3065617	0	31	5	5	0	16
chrY	3075200	0	12	5	5	3	3
chrY	3084036	0	26	5	5	4	4
chrY	3084653	0	26	5	5	0	14
chrY	3087062	0	12	5	5	4	4
chrY	3088625	0	13	5	5	4	4
chrY	3093821	9	9	5	5	0	19
chrY	3094261	9	9	5	5	0	30
chrY	3094278	9	9	5	5	0	32
chrY	3094525	9	9	5	5	0	19
chrY	3096824	0	18	0	16	0	11
chrY	3099979	5	5	0	10	4	4
chrY	3110411	0	9	3	3	1	5
chrY	3110413	0	9	3	3	1	5
chrY	3110415	5	5	3	3	1	5
chrY	3121278	5	5	3	3	0	8
chrY	3127828	0	17	3	3	0	22
chrY	3130357	6	6	3	3	0	17
chrY	3143011	6	6	3	3	0	9
chrY	3148068	0	16	0	9	0	15
chrY	3182364	5	5	4	4	0	6
chrY	3194412	0	15	4	4	6	6
chrY	3196301	7	7	4	4	0	10
chrY	3199134	0	22	4	4	8	8
chrY	3200534	13	13	4	4	0	18
chrY	3206170	0	33	4	4	5	5
chrY	3231776	0	23	4	4	7	23
chrY	3232054	0	14	0	14	0	10
chrY	3237891	0	5	4	4	5	5
chrY	3245412	8	8	4	4	1	22
chrY	3245478	0	26	4	4	0	21
chrY	3245533	19	19	4	4	0	15
chrY	3245551	0	21	4	4	10	10
chrY	3245557	0	21	4	4	10	10
chrY	3255481	7	7	4	4	0	21
chrY	3266306	0	24	4	4	0	14
chrY	3268154	0	26	4	4	5	5
chrY	3282097	5	5	4	4	0	12
chrY	3286334	0	20	4	4	4	4
chrY	3290682	0	19	0	12	0	17
chrY	3296195	0	24	4	4	5	5
chrY	3299207	10	10	4	4	0	11
chrY	3305902	0	10	3	3	0	13
chrY	3309583	8	8	5	5	1	19
chrY	3316566	0	24	5	5	5	5
chrY	3318490	0	27	0	12	0	23
chrY	3319830	4	4	3	3	0	10
chrY	3335343	4	4	0	17	4	4
chrY	3353159	4	4	6	6	0	15
chrY	3353485	0	18	6	6	12	12
chrY	3353620	12	12	6	6	2	17
chrY	3366633	0	16	5	5	0	18
chrY	3370073	0	25	5	5	0	14
chrY	3372143	0	21	6	6	7	7
chrY	3373157	0	21	6	6	7	7
chrY	3373895	0	13	0	9	0	14
chrY	3377926	0	12	3	3	3	3
chrY	3380979	0	12	7	7	4	4
chrY	3381123	10	10	3	3	0	10
chrY	3383013	0	17	3	3	0	17
chrY	3388015	3	3	3	3	0	10
chrY	3408816	3	3	4	4	0	18
chrY	3410091	3	3	4	4	0	17
chrY	3412750	3	3	4	4	0	12
chrY	3415888	0	16	4	4	0	9
chrY	3419469	5	5	0	13	4	4
chrY	3426267	5	5	3	3	0	12
chrY	3427538	5	5	3	3	0	21
chrY	3428205	0	16	3	3	8	8
chrY	3435715	9	9	0	30	4	4
chrY	3441223	0	14	7	7	4	4
chrY	3449693	9	9	7	7	0	9
chrY	3449697	9	9	7	7	0	9
chrY	3449701	9	9	7	7	0	9
chrY	3451214	6	6	3	3	0	7
chrY	3461825	0	29	3	3	4	4
chrY	3463227	0	18	3	3	4	4
chrY	3465819	4	4	3	3	0	15
chrY	3470969	0	5	3	3	0	3
chrY	3471842	0	24	3	3	0	15
chrY	3492171	5	5	3	3	0	16
chrY	3508882	5	5	3	3	0	15
chrY	3527348	0	21	5	5	3	3
chrY	3544801	8	8	5	5	0	10
chrY	3562841	0	19	0	9	0	17
chrY	3567163	0	15	5	5	0	8
chrY	3568175	0	25	5	5	3	3
chrY	3575906	8	8	5	5	0	9
chrY	3597267	0	20	3	3	3	3
chrY	3597411	0	24	3	3	0	13
chrY	3605507	7	7	3	3	0	17
chrY	3609172	7	7	3	3	0	9
chrY	3622214	0	19	4	4	4	4
chrY	3636693	0	30	5	5	4	4
chrY	3638786	6	6	5	5	0	21
chrY	3642928	3	3	5	5	0	13
chrY	3643850	3	3	5	5	0	12
chrY	3644604	3	3	5	5	0	14
chrY	3659786	0	28	4	4	0	11
chrY	3664667	9	9	4	4	0	16
chrY	3678439	0	10	3	3	3	3
chrY	3685057	6	6	3	3	0	12
chrY	3696909	6	6	4	4	0	23
chrY	3701529	0	14	3	3	0	7
chrY	3707549	0	10	3	3	5	5
chrY	3714227	3	3	3	3	0	7
chrY	3719773	0	31	3	3	4	4
chrY	3728937	8	8	3	3	0	13
chrY	3748216	0	18	3	3	0	16
chrY	3773495	6	6	3	3	0	13
chrY	3778154	0	23	3	3	7	7
chrY	3778788	0	13	3	3	7	7
chrY	3778789	0	13	3	3	7	7
chrY	3778906	5	5	3	3	1	17
chrY	3778908	5	5	3	3	1	17
chrY	3795612	5	5	3	3	0	12
chrY	3795841	0	20	0	10	0	18
chrY	3798697	12	12	3	3	0	12
chrY	3810658	0	24	3	3	0	27
chrY	3813273	0	21	3	3	6	6
chrY	3815753	7	7	3	3	0	13
chrY	3820663	0	17	3	3	5	5
chrY	3824936	7	7	3	3	0	13
chrY	3826806	7	7	3	3	0	17
chrY	3857531	8	8	5	5	0	20
chrY	3861982	0	22	5	5	0	14
chrY	3872357	9	9	0	14	6	6
chrY	3872391	0	18	7	7	0	19
chrY	3901680	0	13	5	5	0	14
chrY	3904714	9	9	5	5	0	11
chrY	3905031	9	9	5	5	0	15
chrY	3908682	9	9	5	5	0	16
chrY	3911040	0	19	5	5	4	4
chrY	3912235	0	21	5	5	4	4
chrY	3916520	9	9	5	5	0	13
chrY	3929456	0	18	5	5	0	9
chrY	3932533	0	29	0	17	0	10
chrY	3953795	6	6	3	3	0	12
chrY	3970038	0	17	5	5	5	5
chrY	3987830	8	8	0	14	8	8
chrY	3989114	0	11	4	4	0	6
chrY	3998026	0	21	4	4	0	14
chrY	4000086	0	14	4	4	5	5
chrY	4000171	0	18	4	4	5	5
chrY	4007816	0	21	4	4	0	11
chrY	4032376	0	14	3	3	0	11
chrY	4033553	0	18	3	3	0	13
chrY	4034885	0	19	3	3	5	5
chrY	4038482	4	4	3	3	0	9
chrY	4055793	4	4	3	3	0	15
chrY	4065118	4	4	3	3	0	14
chrY	4088053	7	7	4	4	0	23
chrY	4095171	7	7	4	4	0	20
chrY	4137423	0	20	4	4	3	3
chrY	4144481	9	9	4	4	0	15
chrY	4152786	0	17	4	4	4	4
chrY	4153498	0	29	4	4	4	4
chrY	4162918	4	4	3	3	0	13
chrY	4163601	0	34	3	3	9	9
chrY	4164685	9	9	3	3	0	16
chrY	4166212	0	20	3	3	5	5
chrY	4169041	0	29	3	3	5	5
chrY	4170193	0	21	3	3	5	5
chrY	4172555	7	7	3	3	0	11
chrY	4174227	7	7	3	3	0	17
chrY	4178383	0	24	3	3	0	13
chrY	4193661	0	19	5	5	0	21
chrY	4193919	8	8	5	5	0	16
chrY	4210290	5	5	4	4	0	21
chrY	4218393	0	2	4	4	0	4
chrY	4225951	9	9	4	4	0	25
chrY	4229777	0	24	7	7	5	5
chrY	4233714	5	5	0	30	5	5
chrY	4241942	5	5	3	3	0	23
chrY	4251061	0	25	3	3	0	12
chrY	4252956	0	19	3	3	0	9
chrY	4257885	0	12	3	3	4	4
chrY	4272613	0	22	3	3	7	7
chrY	4283054	6	6	15	37	7	7
chrY	4283063	6	6	15	38	26	26
chrY	4283066	6	6	15	39	27	27
chrY	4283136	6	6	14	36	37	37
chrY	4283339	6	6	19	42	5	5
chrY	4283421	6	6	18	39	5	5
chrY	4283430	6	6	17	38	5	5
chrY	4293174	9	9	3	3	0	18
chrY	4298069	1	28	3	3	0	16
chrY	4310530	0	25	3	3	0	19
chrY	4313998	5	5	3	3	0	23
chrY	4314059	5	5	3	3	0	20
chrY	4314155	5	5	3	3	0	16
chrY	4314260	0	14	0	20	0	14
chrY	4314862	12	12	4	4	0	15
chrY	4331322	0	12	4	4	5	5
chrY	4332186	0	13	3	3	0	14
chrY	4335811	7	7	3	3	0	16
chrY	4363531	0	20	3	3	0	11
chrY	4367008	0	14	5	5	14	14
chrY	4367009	13	13	5	5	0	16
chrY	4367595	0	29	5	5	0	16
chrY	4368170	0	19	5	5	6	6
chrY	4370106	6	6	0	12	6	6
chrY	4375696	6	6	4	4	0	16
chrY	4385546	0	19	0	18	0	16
chrY	4399511	0	20	3	3	0	17
chrY	4401503	0	20	3	3	4	4
chrY	4414938	3	3	3	3	0	16
chrY	4431224	0	27	3	3	3	3
chrY	4431478	0	17	3	3	0	10
chrY	4438109	5	5	3	3	0	13
chrY	4442958	14	14	3	3	0	17
chrY	4443479	0	22	3	3	4	4
chrY	4447567	0	10	5	5	3	3
chrY	4455644	0	16	5	5	3	3
chrY	4457310	0	14	3	3	0	10
chrY	4458031	1	22	3	3	4	4
chrY	4483509	7	7	0	21	4	4
chrY	4485902	7	7	3	3	0	14
chrY	4486565	7	7	3	3	1	17
chrY	4489268	0	24	3	3	3	3
chrY	4500698	0	16	0	13	0	12
chrY	4501955	0	4	3	3	0	11
chrY	4514359	5	5	3	3	0	14
chrY	4527033	5	5	3	3	0	10
chrY	4532488	0	17	3	3	0	14
chrY	4533432	0	18	3	3	4	4
chrY	4549793	0	25	4	4	0	13
chrY	4553329	0	16	3	3	4	4
chrY	4562618	5	5	3	3	0	13
chrY	4563493	0	13	3	3	0	10
chrY	4593961	0	26	3	3	4	4
chrY	4626051	0	19	3	3	4	4
chrY	4626217	6	6	3	3	0	15
chrY	4632045	3	3	0	2	3	3
chrY	4634408	7	7	3	3	0	17
chrY	4640927	4	4	3	3	0	9
chrY	4642109	4	4	3	3	0	8
chrY	4654646	0	12	3	3	0	16
chrY	4655025	10	10	0	15	4	4
chrY	4659819	0	14	0	8	0	7
chrY	4660064	13	13	0	6	5	5
chrY	4670508	0	18	5	5	3	3
chrY	4672159	0	21	5	5	0	15
chrY	4673822	0	20	5	5	0	14
chrY	4686106	0	25	3	3	4	4
chrY	4713065	0	21	3	3	3	3
chrY	4719241	0	24	0	24	0	16
chrY	4726065	0	30	4	4	0	17
chrY	4726074	0	27	4	4	0	18
chrY	4735429	7	7	4	4	0	12
chrY	4740123	6	6	4	4	0	13
chrY	4740516	6	6	0	11	5	5
chrY	4745650	6	6	5	5	0	15
chrY	4750732	0	11	0	11	0	5
chrY	4752079	4	4	3	3	0	10
chrY	4768617	0	15	3	3	3	3
chrY	4779862	0	22	5	5	6	6
chrY	4780149	0	18	5	5	6	6
chrY	4780288	0	14	5	5	0	9
chrY	4787096	0	21	5	5	4	4
chrY	4787511	12	12	5	5	0	10
chrY	4788193	0	15	0	7	0	12
chrY	4788198	0	15	0	7	0	12
chrY	4788199	0	15	0	7	0	12
chrY	4794742	16	16	5	5	0	10
chrY	4795338	1	17	5	5	5	5
chrY	4795437	6	6	0	13	5	5
chrY	4795507	6	6	3	3	0	14
chrY	4796192	6	6	3	3	0	16
chrY	4809015	0	12	3	3	3	3
chrY	4816555	0	17	3	3	5	5
chrY	4817862	0	16	3	3	0	13
chrY	4824398	0	19	4	4	4	4
chrY	4826307	3	3	0	13	4	4
chrY	4848401	7	7	3	3	0	12
chrY	4858863	0	16	0	17	0	18
chrY	4863498	5	5	5	5	0	4
chrY	4869034	5	5	5	5	0	20
chrY	4870178	5	5	5	5	0	18
chrY	4872689	0	17	4	4	3	3
chrY	4878800	0	17	3	3	0	12
chrY	4882839	0	22	3	3	4	4
chrY	4893090	6	6	3	3	0	21
chrY	4898162	0	13	3	3	0	9
chrY	4910732	8	8	0	17	3	3
chrY	4912068	0	27	7	7	3	3
chrY	4921518	7	7	0	12	3	3
chrY	4922759	0	34	4	4	0	11
chrY	4922930	13	13	4	4	0	9
chrY	4923038	13	13	4	4	0	2
chrY	4923180	3	3	3	3	0	5
chrY	4923459	3	3	3	3	0	10
chrY	4936440	3	3	3	3	0	24
chrY	4942251	5	5	4	4	0	17
chrY	4961756	3	3	3	3	0	15
chrY	4968307	3	3	3	3	0	17
chrY	4972060	3	3	3	3	0	13
chrY	4976917	3	3	3	3	0	22
chrY	4977911	0	27	3	3	7	7
chrY	4984703	0	15	3	3	0	16
chrY	4996909	0	18	3	3	4	4
chrY	5001405	10	10	3	3	0	9
chrY	5005971	10	10	3	3	0	16
chrY	5010670	0	22	3	3	0	20
chrY	5018447	6	6	3	3	0	16
chrY	5024748	6	6	0	23	3	3
chrY	5036368	0	14	6	6	5	5
chrY	5046964	10	10	3	3	0	10
chrY	5048310	0	16	3	3	0	12
chrY	5052675	9	9	0	3	4	4
chrY	5052849	6	6	3	3	0	6
chrY	5065650	0	17	3	3	0	17
chrY	5068925	0	26	3	3	5	5
chrY	5071336	9	9	3	3	0	13
chrY	5075716	22	52	5	5	13	26
chrY	5082249	0	9	5	5	0	15
chrY	5083189	0	16	5	5	7	7
chrY	5086297	0	28	5	5	0	9
chrY	5086502	10	10	5	5	0	11
chrY	5086585	0	23	5	5	4	4
chrY	5089611	6	6	5	5	0	15
chrY	5097333	0	16	4	4	0	21
chrY	5109881	0	25	3	3	0	14
chrY	5120340	1	14	5	14	7	7
chrY	5120342	1	14	3	3	7	7
chrY	5120344	1	14	3	3	7	7
chrY	5122462	5	5	3	3	0	20
chrY	5147296	4	4	3	3	0	17
chrY	5155416	0	23	3	3	3	3
chrY	5168939	0	8	5	5	0	8
chrY	5180784	0	22	5	5	4	4
chrY	5199165	4	4	4	4	0	11
chrY	5202213	4	4	4	4	0	20
chrY	5216238	12	12	13	36	4	4
chrY	5216355	12	12	13	28	4	4
chrY	5216455	25	51	16	32	11	25
chrY	5216488	22	50	15	29	9	23
chrY	5216846	18	43	13	28	12	29
chrY	5216850	35	35	12	28	29	29
chrY	5216860	35	35	25	25	15	34
chrY	5216921	17	42	13	28	11	27
chrY	5217075	33	33	11	25	14	33
chrY	5217099	38	38	20	20	15	38
chrY	5217143	40	40	11	24	13	41
chrY	5217218	14	28	24	24	9	31
chrY	5217226	14	28	12	23	8	29
chrY	5217417	17	36	7	20	13	13
chrY	5217512	13	27	15	27	13	13
chrY	5217750	20	40	13	30	19	19
chrY	5217821	19	38	11	28	19	19
chrY	5217829	37	37	11	27	19	19
chrY	5218013	12	32	12	26	19	19
chrY	5218017	11	31	12	26	19	19
chrY	5218026	12	33	10	23	19	19
chrY	5218157	14	27	14	30	19	19
chrY	5218202	16	31	14	29	32	32
chrY	5224200	0	17	3	3	6	6
chrY	5224555	12	12	3	3	0	10
chrY	5242675	0	22	5	5	0	10
chrY	5255491	0	31	3	3	3	3
chrY	5264369	9	9	3	3	0	16
chrY	5265090	0	26	3	3	4	4
chrY	5272764	0	14	3	3	0	14
chrY	5277115	0	25	3	3	4	4
chrY	5278361	8	8	3	3	0	16
chrY	5281600	8	8	5	5	0	20
chrY	5284500	3	3	0	9	3	3
chrY	5288692	1	1	0	2	1	1
chrY	5293177	3	3	4	4	0	13
chrY	5294809	3	3	4	4	0	6
chrY	5303307	0	10	4	4	0	8
chrY	5309910	9	9	5	5	0	13
chrY	5311427	9	9	5	5	0	18
chrY	5312584	0	16	5	5	0	16
chrY	5337194	0	14	0	10	0	6
chrY	5347829	0	16	5	5	4	4
chrY	5357507	7	7	0	14	5	5
chrY	5362928	0	16	4	4	5	5
chrY	5363422	11	11	4	4	0	18
chrY	5370697	0	18	4	4	0	5
chrY	5377497	0	18	4	4	0	15
chrY	5390885	0	12	4	4	0	13
chrY	5390902	0	11	4	4	0	12
chrY	5397865	0	10	4	4	0	5
chrY	5405013	0	21	4	4	0	17
chrY	5408996	0	11	0	15	0	12
chrY	5409264	3	3	4	4	0	11
chrY	5421388	0	24	4	4	3	3
chrY	5427401	7	7	4	4	0	18
chrY	5433326	0	17	4	4	0	16
chrY	5437142	0	13	3	3	0	11
chrY	5439044	0	6	3	3	0	7
chrY	5448759	0	16	4	4	4	4
chrY	5474695	0	6	4	4	0	8
chrY	5493323	0	20	4	4	3	3
chrY	5511446	4	4	4	4	0	11
chrY	5511457	0	17	0	15	0	12
chrY	5517718	0	19	5	5	4	4
chrY	5525203	0	32	4	4	0	13
chrY	5528194	0	26	4	4	5	5
chrY	5528354	0	15	4	4	0	14
chrY	5538960	7	7	4	4	0	9
chrY	5540912	0	15	4	4	3	3
chrY	5542851	0	22	4	4	3	3
chrY	5563686	4	4	3	3	0	16
chrY	5564345	0	15	3	3	6	6
chrY	5564803	8	8	3	3	0	6
chrY	5568415	0	20	3	3	0	24
chrY	5568929	6	6	3	3	0	16
chrY	5582397	0	21	13	13	0	8
chrY	5582819	4	4	4	4	0	18
chrY	5596581	0	15	5	5	9	9
chrY	5598826	14	14	10	10	0	9
chrY	5599253	0	20	0	20	0	17
chrY	5613822	0	29	4	4	0	22
chrY	5623017	8	8	4	4	0	17
chrY	5626622	0	28	4	4	5	5
chrY	5630961	0	27	4	4	0	18
chrY	5633920	5	5	4	4	0	14
chrY	5641786	9	9	0	20	7	7
chrY	5645737	9	9	5	5	0	9
chrY	5653861	0	19	5	5	3	3
chrY	5657325	7	7	5	5	0	17
chrY	5669218	0	14	4	4	5	5
chrY	5679901	10	10	5	5	0	18
chrY	5682369	0	15	5	5	0	16
chrY	5684226	0	13	5	5	0	5
chrY	5684229	13	13	5	5	0	5
chrY	5684232	13	13	5	5	0	5
chrY	5684805	0	30	5	5	3	3
chrY	5698016	0	22	3	3	4	4
chrY	5703613	8	8	3	3	0	15
chrY	5706485	8	8	3	3	3	20
chrY	5711733	0	17	3	3	0	8
chrY	5712832	6	6	4	4	0	14
chrY	5715308	6	6	4	4	0	18
chrY	5720242	7	7	4	4	0	14
chrY	5720651	0	9	4	4	0	5
chrY	5735038	0	26	4	4	0	14
chrY	5749189	10	10	4	4	0	7
chrY	5749191	10	10	4	4	0	7
chrY	5749193	10	10	4	4	0	6
chrY	5749195	10	10	4	4	0	5
chrY	5749197	10	10	4	4	0	5
chrY	5749201	10	10	4	4	0	5
chrY	5749203	10	10	4	4	0	5
chrY	5752648	0	26	4	4	5	5
chrY	5754257	0	17	4	4	0	13
chrY	5760743	0	21	4	4	5	5
chrY	5761009	10	10	4	4	1	3
chrY	5761015	10	10	4	4	0	2
chrY	5765590	0	13	4	4	0	11
chrY	5769036	0	14	4	4	0	13
chrY	5780758	7	7	3	3	0	16
chrY	5788646	15	15	3	3	0	8
chrY	5788648	0	14	3	3	6	6
chrY	5801298	0	25	3	3	0	17
chrY	5808614	7	7	3	3	0	11
chrY	5811802	7	7	3	3	0	13
chrY	5812407	7	7	3	3	0	10
chrY	5814006	0	20	3	3	0	12
chrY	5815128	8	8	3	3	0	14
chrY	5835057	11	11	4	4	0	13
chrY	5844636	7	7	4	4	0	10
chrY	5844901	0	16	4	4	6	6
chrY	5844904	11	11	0	16	6	6
chrY	5849464	11	11	4	4	0	16
chrY	5858133	0	14	4	4	5	5
chrY	5858158	0	17	4	4	5	5
chrY	5858821	10	10	4	4	0	18
chrY	5863187	0	15	4	4	4	4
chrY	5865107	6	6	4	4	0	9
chrY	5868678	11	11	0	12	4	4
chrY	5872657	5	5	4	4	0	15
chrY	5880134	0	26	4	4	0	17
chrY	5885311	0	14	4	4	0	6
chrY	5885312	0	14	4	4	0	6
chrY	5895061	9	9	4	4	0	16
chrY	5903244	0	15	4	4	0	13
chrY	5906503	0	24	6	6	6	6
chrY	5913988	8	15	21	21	17	34
chrY	5914034	8	17	9	20	15	39
chrY	5987381	3	3	0	0	0	2
chrY	6039538	0	8	3	3	3	3
chrY	6147770	7	7	4	4	0	5
chrY	6147857	0	3	4	4	6	6
chrY	6147858	0	3	4	4	6	6
chrY	6149528	10	10	4	4	0	9
chrY	6153641	0	19	0	13	0	6
chrY	6153912	0	15	0	11	0	7
chrY	6166604	0	21	4	4	3	3
chrY	6166747	4	4	4	4	0	8
chrY	6172240	4	4	4	4	0	10
chrY	6176112	0	21	0	15	0	17
chrY	6188387	0	7	4	4	3	3
chrY	6190330	0	16	4	4	3	3
chrY	6198239	4	4	3	3	0	18
chrY	6213435	0	19	3	3	0	9
chrY	6221059	0	19	3	3	0	14
chrY	6222568	9	9	3	3	0	22
chrY	6235550	8	8	0	4	3	3
chrY	6239256	1	32	3	3	3	3
chrY	6247639	4	31	3	3	3	3
chrY	6251623	0	23	3	3	6	6
chrY	6274089	8	8	4	4	0	28
chrY	6282190	0	26	4	4	4	4
chrY	6282416	0	31	4	4	4	4
chrY	6286212	5	5	4	4	0	16
chrY	6291175	5	5	0	21	6	6
chrY	6300393	0	21	4	4	6	6
chrY	6305578	5	5	4	4	0	11
chrY	6315487	5	5	4	4	0	9
chrY	6320814	5	5	0	13	5	5
chrY	6328893	5	5	3	3	0	12
chrY	6335683	5	5	3	3	0	14
chrY	6337493	0	27	3	3	0	14
chrY	6354142	0	27	3	3	0	11
chrY	6357553	24	48	3	3	0	14
chrY	6360729	0	15	3	3	7	7
chrY	6361143	7	7	3	3	0	12
chrY	6367053	0	28	3	3	0	19
chrY	6372873	0	28	0	15	0	12
chrY	6375400	10	10	5	5	1	8
chrY	6381071	10	10	5	5	0	14
chrY	6383592	0	24	4	4	0	9
chrY	6383876	0	22	4	4	0	12
chrY	6385691	7	7	4	4	0	21
chrY	6385831	7	7	4	4	0	21
chrY	6387468	7	7	4	4	0	12
chrY	6389188	0	18	4	4	8	8
chrY	6391593	0	16	4	4	0	17
chrY	6397072	0	14	4	4	0	7
chrY	6400533	0	15	4	4	7	7
chrY	6415207	0	15	4	4	10	10
chrY	6416019	9	9	4	4	0	15
chrY	6428468	0	21	4	4	0	11
chrY	6431908	8	8	4	4	0	9
chrY	6444353	8	8	4	4	0	18
chrY	6468500	7	7	6	6	1	9
chrY	6476751	7	7	6	6	0	19
chrY	6485521	0	22	6	6	4	4
chrY	6493270	0	25	6	6	0	19
chrY	6500984	0	23	0	16	0	8
chrY	6529797	0	22	5	5	0	18
chrY	6535060	9	9	5	5	0	7
chrY	6535594	0	10	5	5	0	18
chrY	6537543	9	9	0	20	10	10
chrY	6537588	9	9	0	22	0	14
chrY	6537796	0	26	5	5	12	12
chrY	6537804	9	9	5	5	0	12
chrY	6549861	7	7	0	15	3	3
chrY	6550320	0	16	10	10	3	3
chrY	6602577	8	8	4	4	0	18
chrY	6610997	8	8	4	4	0	16
chrY	6614138	8	8	4	4	0	9
chrY	6616873	8	8	4	4	0	13
chrY	6645362	11	11	5	5	0	12
chrY	6652408	0	11	4	4	5	5
chrY	6657266	0	32	4	4	0	19
chrY	6657297	0	31	4	4	0	15
chrY	6676885	8	8	3	3	0	18
chrY	6686763	8	8	3	3	0	16
chrY	6690906	0	13	3	3	5	5
chrY	6697280	0	28	3	3	5	5
chrY	6715331	0	24	4	4	0	13
chrY	6715881	18	18	4	4	0	15
chrY	6716147	18	18	4	4	0	19
chrY	6716397	0	26	0	13	0	12
chrY	6716462	0	22	0	13	0	17
chrY	6725509	8	8	4	4	0	16
chrY	6726492	8	8	4	4	0	17
chrY	6737600	0	19	4	4	0	11
chrY	6749504	9	9	4	4	0	18
chrY	6753470	0	23	4	4	0	18
chrY	6769242	8	8	4	4	0	11
chrY	6779811	8	8	4	4	0	16
chrY	6789651	0	21	4	4	0	16
chrY	6791281	10	10	4	4	0	21
chrY	6792198	10	10	4	4	0	22
chrY	6812004	5	5	4	4	1	21
chrY	6812745	5	5	4	4	0	15
chrY	6833152	0	26	5	5	0	20
chrY	6837084	10	10	5	5	0	12
chrY	6842331	10	10	5	5	0	16
chrY	6845666	0	17	5	5	6	6
chrY	6849525	0	18	5	5	0	17
chrY	6857709	0	24	5	5	6	6
chrY	6859106	11	11	5	5	0	11
chrY	6863645	0	29	4	4	0	20
chrY	6865858	0	19	4	4	3	3
chrY	6868832	0	12	4	4	3	3
chrY	6883282	3	3	4	4	0	10
chrY	6884659	0	22	4	4	8	8
chrY	6888853	9	9	7	7	0	15
chrY	6891313	5	5	0	5	5	5
chrY	6896464	0	23	0	15	0	13
chrY	6903030	0	26	5	5	5	5
chrY	6907377	0	22	5	5	5	5
chrY	6907378	0	22	5	5	5	5
chrY	6911228	0	18	5	5	0	15
chrY	6913888	10	10	6	6	0	15
chrY	6917002	0	18	6	6	6	6
chrY	6918275	0	25	6	6	6	6
chrY	6920507	11	11	6	6	0	15
chrY	6922782	11	11	6	6	0	30
chrY	6947520	0	28	5	5	0	10
chrY	6947767	11	11	5	5	0	13
chrY	6948742	0	17	5	5	0	11
chrY	6949812	6	6	4	4	0	15
chrY	6954181	6	6	4	4	0	22
chrY	6956116	0	26	4	4	0	12
chrY	6957425	10	10	4	4	0	18
chrY	6961471	0	10	4	4	8	8
chrY	6963755	0	22	4	4	0	19
chrY	6965258	0	22	4	4	0	26
chrY	6968422	9	9	4	4	0	17
chrY	6968423	9	9	4	4	0	17
chrY	6974560	0	28	4	4	0	19
chrY	6985106	10	10	4	4	0	13
chrY	6986986	10	10	4	4	0	15
chrY	6988250	0	16	4	4	5	5
chrY	6994566	10	10	3	3	0	18
chrY	6994583	10	10	3	3	0	16
chrY	6994584	10	10	3	3	0	16
chrY	6995012	10	10	3	3	0	16
chrY	7001007	6	6	3	3	0	16
chrY	7002360	6	6	3	3	0	19
chrY	7005008	0	19	3	3	5	5
chrY	7015111	0	23	3	3	0	17
chrY	7023881	0	21	3	3	0	18
chrY	7041803	9	9	3	3	0	16
chrY	7041804	9	9	3	3	0	16
chrY	7047089	0	27	5	5	4	4
chrY	7063212	0	25	8	8	6	6
chrY	7077002	0	21	4	4	0	20
chrY	7080625	0	21	4	4	0	23
chrY	7080701	6	6	4	4	0	19
chrY	7083203	6	6	4	4	0	13
chrY	7083679	6	6	4	4	0	11
chrY	7090821	0	15	3	3	5	5
chrY	7091778	10	10	0	19	5	5
chrY	7095051	11	11	6	6	0	17
chrY	7099873	0	19	0	19	0	22
chrY	7100553	0	19	5	5	0	13
chrY	7100865	0	19	5	5	0	20
chrY	7104900	8	8	5	5	0	17
chrY	7116426	11	11	5	5	0	14
chrY	7122172	14	14	5	5	0	14
chrY	7122793	0	22	5	5	0	16
chrY	7124533	11	11	5	5	0	10
chrY	7124604	0	20	5	5	5	5
chrY	7128736	0	19	4	4	0	23
chrY	7138161	0	13	4	4	0	11
chrY	7152063	6	6	4	4	0	15
chrY	7159308	0	16	5	5	4	4
chrY	7175427	0	14	3	3	4	4
chrY	7175428	0	14	3	3	4	4
chrY	7175435	0	14	3	3	4	4
chrY	7175452	0	14	3	3	4	4
chrY	7175453	0	14	3	3	4	4
chrY	7175460	0	14	3	3	4	4
chrY	7175479	0	17	3	3	4	4
chrY	7175482	0	17	3	3	4	4
chrY	7175520	0	19	3	3	0	11
chrY	7178525	7	7	3	3	0	18
chrY	7180130	7	7	6	6	0	20
chrY	7185909	7	7	6	6	0	17
chrY	7186160	7	7	6	6	0	12
chrY	7193626	7	7	4	4	0	19
chrY	7208050	8	8	4	4	0	17
chrY	7224667	6	6	3	3	0	13
chrY	7226688	6	6	3	3	0	13
chrY	7231274	0	6	3	3	0	5
chrY	7242710	0	18	3	3	3	3
chrY	7243784	0	22	3	3	3	3
chrY	7244541	6	6	2	2	0	4
chrY	7244566	6	6	2	2	0	4
chrY	7246059	7	7	0	10	6	6
chrY	7250087	3	3	3	3	0	10
chrY	7275037	0	5	3	3	0	4
chrY	7291758	0	19	4	4	0	17
chrY	7301719	9	9	4	4	0	13
chrY	7301916	0	21	4	4	0	17
chrY	7307894	0	18	0	17	0	15
chrY	7319282	0	13	5	5	0	15
chrY	7319284	0	13	5	5	0	15
chrY	7325089	11	11	4	4	0	10
chrY	7333540	0	31	4	4	4	4
chrY	7334085	0	16	4	4	4	4
chrY	7357087	4	4	4	4	0	18
chrY	7360037	8	8	4	4	0	19
chrY	7360048	8	8	0	15	4	4
chrY	7390596	6	6	4	4	0	21
chrY	7408775	4	4	4	4	0	6
chrY	7413308	0	23	4	4	6	6
chrY	7416853	0	13	4	4	6	6
chrY	7417536	8	8	4	4	0	15
chrY	7433150	10	10	4	4	0	16
chrY	7435300	0	19	4	4	5	5
chrY	7445970	8	8	4	4	0	14
chrY	7459473	8	8	4	4	0	26
chrY	7459478	0	17	4	4	4	4
chrY	7460615	9	9	4	4	0	22
chrY	7474946	9	9	0	9	5	5
chrY	7475078	9	9	4	4	0	13
chrY	7482209	0	18	4	4	0	15
chrY	7485165	10	10	4	4	0	25
chrY	7490916	10	10	4	4	0	12
chrY	7499636	0	23	4	4	0	18
chrY	7501835	14	14	0	22	6	6
chrY	7514790	10	10	6	6	0	16
chrY	7517479	10	10	6	6	0	22
chrY	7518416	0	12	4	4	5	5
chrY	7524689	7	7	4	4	0	16
chrY	7531457	7	7	4	4	0	23
chrY	7535899	7	7	4	4	0	16
chrY	7547105	0	28	4	4	0	16
chrY	7547555	0	30	4	4	0	22
chrY	7547889	0	32	4	4	8	8
chrY	7550076	0	22	4	4	0	13
chrY	7550633	11	11	4	4	0	21
chrY	7550892	0	17	4	4	4	4
chrY	7554657	0	29	4	4	4	4
chrY	7559076	0	20	4	4	4	4
chrY	7562732	3	3	4	4	0	3
chrY	7563056	0	14	4	4	0	14
chrY	7580734	9	9	4	4	0	22
chrY	7600390	9	9	4	4	0	16
chrY	7631806	10	10	4	4	0	14
chrY	7635983	0	24	4	4	0	13
chrY	7635996	0	23	4	4	9	9
chrY	7638122	9	9	4	4	0	13
chrY	7642365	0	17	4	4	5	5
chrY	7643712	7	7	4	4	0	11
chrY	7651142	0	22	4	4	7	7
chrY	7665074	0	24	3	3	0	17
chrY	7675140	10	10	3	3	0	7
chrY	7679143	0	26	3	3	4	4
chrY	7680260	0	22	3	3	4	4
chrY	7688838	0	19	3	3	4	4
chrY	7701314	9	9	3	3	0	25
chrY	7702071	0	16	3	3	0	13
chrY	7705915	0	23	3	3	4	4
chrY	7710089	0	21	3	3	0	17
chrY	7711779	0	17	3	3	0	22
chrY	7729232	0	20	4	4	0	23
chrY	7736661	0	19	4	4	5	5
chrY	7739103	6	6	4	4	0	21
chrY	7747979	0	22	4	4	4	4
chrY	7750991	0	22	4	4	4	4
chrY	7753769	8	8	4	4	0	14
chrY	7757417	0	21	4	4	0	7
chrY	7757983	17	17	4	4	0	16
chrY	7758084	17	17	0	25	7	7
chrY	7759465	0	30	3	3	7	7
chrY	7764587	0	21	3	3	0	17
chrY	7767473	8	8	3	3	0	15
chrY	7783054	8	8	0	11	6	6
chrY	7784544	8	8	3	3	0	19
chrY	7784728	0	28	3	3	5	5
chrY	7793893	7	7	3	3	0	13
chrY	7810597	0	18	3	3	0	23
chrY	7815823	0	16	3	3	7	7
chrY	7832913	0	28	4	4	0	20
chrY	7836509	11	11	4	4	0	14
chrY	7838652	0	17	4	4	6	6
chrY	7838960	0	16	4	4	6	6
chrY	7846997	8	8	4	4	0	18
chrY	7847858	8	8	4	4	0	13
chrY	7852529	8	8	4	4	0	17
chrY	7852825	0	17	4	4	0	25
chrY	7858496	0	21	5	5	7	7
chrY	7860628	9	9	5	5	0	22
chrY	7861140	0	18	0	13	0	20
chrY	7884674	0	17	6	6	6	6
chrY	7898444	0	13	5	5	4	4
chrY	7908296	0	25	6	6	0	14
chrY	7917839	10	10	6	6	0	21
chrY	7919456	10	10	6	6	0	17
chrY	7920214	10	10	6	6	0	14
chrY	7922622	0	26	6	6	5	5
chrY	7930849	0	30	6	6	0	20
chrY	7937158	11	11	0	20	6	6
chrY	7937262	0	29	6	6	6	6
chrY	7943574	11	11	6	6	0	9
chrY	7953898	9	9	6	6	0	13
chrY	7976478	5	5	5	5	0	11
chrY	7982207	0	29	5	5	5	5
chrY	7998377	8	8	0	15	5	5
chrY	8002724	0	16	6	6	5	5
chrY	8006895	9	9	6	6	0	8
chrY	8010191	0	29	6	6	0	17
chrY	8015497	6	6	6	6	0	15
chrY	8021070	0	25	6	6	4	4
chrY	8042055	7	7	3	3	0	13
chrY	8045032	7	7	3	3	0	17
chrY	8045545	0	20	3	3	8	8
chrY	8048341	8	8	0	23	8	8
chrY	8049077	8	8	4	4	0	25
chrY	8075850	8	8	3	3	0	15
chrY	8078835	0	24	3	3	6	6
chrY	8081091	6	6	3	3	0	16
chrY	8084325	0	18	3	3	4	4
chrY	8095998	0	20	3	3	0	16
chrY	8096456	8	8	3	3	0	17
chrY	8102979	8	8	3	3	0	17
chrY	8111275	8	8	3	3	0	8
chrY	8111393	8	8	3	3	0	14
chrY	8114114	8	8	3	3	0	21
chrY	8114502	0	22	3	3	5	5
chrY	8122750	0	25	4	4	5	5
chrY	8145466	0	15	4	4	6	6
chrY	8151759	10	10	3	3	0	18
chrY	8152972	0	30	3	3	0	11
chrY	8163283	11	11	4	4	0	22
chrY	8166096	11	11	4	4	0	20
chrY	8169686	0	19	5	5	7	7
chrY	8177062	10	10	5	5	0	12
chrY	8180373	10	10	6	6	0	13
chrY	8181345	0	16	6	6	0	12
chrY	8181605	0	24	0	13	0	13
chrY	8181695	0	27	8	8	0	8
chrY	8186917	0	25	0	10	0	11
chrY	8194599	0	12	5	5	0	16
chrY	8199049	0	26	5	5	3	3
chrY	8203915	0	18	5	5	6	6
chrY	8204643	0	16	5	5	0	22
chrY	8206783	0	21	5	5	0	14
chrY	8208848	0	14	5	5	0	23
chrY	8211945	12	12	5	5	0	21
chrY	8214236	0	11	0	3	5	5
chrY	8214239	0	11	5	5	5	5
chrY	8215955	10	10	5	5	0	20
chrY	8217581	6	6	5	5	0	25
chrY	8218507	6	6	5	5	0	11
chrY	8227410	0	19	5	5	6	6
chrY	8230209	9	9	5	5	0	11
chrY	8234674	8	8	5	5	0	20
chrY	8241422	8	8	0	16	4	4
chrY	8244858	8	8	0	15	3	3
chrY	8246598	8	8	3	3	0	12
chrY	8249762	8	8	3	3	0	10
chrY	8253058	0	24	3	3	7	7
chrY	8254019	0	10	3	3	8	8
chrY	8254925	9	9	3	3	0	16
chrY	8255604	9	9	3	3	0	14
chrY	8257195	8	8	3	3	0	13
chrY	8262054	5	5	3	3	0	9
chrY	8273503	4	4	4	4	0	13
chrY	8290180	0	21	5	5	3	3
chrY	8296690	10	10	5	5	0	17
chrY	8304871	0	16	5	5	4	4
chrY	8320788	4	4	6	6	0	13
chrY	8322923	4	4	6	6	0	20
chrY	8341365	9	9	3	3	0	20
chrY	8346455	0	26	3	3	7	7
chrY	8346919	0	22	3	3	0	16
chrY	8347737	13	13	3	3	0	17
chrY	8360117	11	11	3	3	0	13
chrY	8372809	10	10	6	6	0	13
chrY	8374992	10	10	6	6	0	19
chrY	8377010	10	10	6	6	0	16
chrY	8377603	12	12	6	6	0	19
chrY	8378729	0	21	6	6	0	16
chrY	8379188	7	7	0	10	4	4
chrY	8390392	7	7	4	4	0	8
chrY	8400607	7	7	4	4	0	14
chrY	8401467	7	7	4	4	0	11
chrY	8401696	0	21	4	4	0	9
chrY	8407515	0	28	4	4	3	3
chrY	8421190	9	9	4	4	0	12
chrY	8421522	0	14	4	4	4	4
chrY	8432193	8	8	4	4	0	14
chrY	8443233	8	8	0	14	4	4
chrY	8448417	8	8	6	6	0	15
chrY	8454776	0	17	0	19	0	9
chrY	8455164	0	24	7	7	5	5
chrY	8457027	0	16	0	13	0	15
chrY	8457436	0	20	4	4	0	23
chrY	8461980	0	19	3	3	0	18
chrY	8464315	0	14	3	3	7	7
chrY	8465591	12	12	3	3	0	19
chrY	8467825	0	19	3	3	6	6
chrY	8468643	9	9	3	3	0	13
chrY	8473065	0	16	3	3	7	7
chrY	8475127	0	18	3	3	0	16
chrY	8484578	0	23	3	3	7	7
chrY	8485293	12	12	3	3	0	12
chrY	8487048	0	24	3	3	10	10
chrY	8491036	9	9	3	3	0	18
chrY	8493964	0	25	3	3	8	8
chrY	8499255	8	8	3	3	0	25
chrY	8504174	0	23	3	3	0	12
chrY	8510458	0	25	3	3	3	3
chrY	8512551	3	3	3	3	0	22
chrY	8526920	0	22	3	3	6	6
chrY	8528743	7	7	0	7	0	11
chrY	8534507	7	7	4	4	0	17
chrY	8553914	6	6	4	4	0	20
chrY	8563241	6	6	4	4	0	18
chrY	8573808	0	23	4	4	0	17
chrY	8574864	0	23	4	4	0	13
chrY	8581982	7	7	4	4	0	12
chrY	8583298	7	7	4	4	0	25
chrY	8587306	7	7	4	4	0	28
chrY	8598458	0	29	3	3	0	20
chrY	8598841	10	10	3	3	0	17
chrY	8599532	0	25	3	3	6	6
chrY	8604073	7	7	3	3	0	22
chrY	8613383	0	20	0	14	0	13
chrY	8614661	0	19	8	8	4	4
chrY	8630580	10	10	6	6	0	14
chrY	8633450	0	25	6	6	6	6
chrY	8635122	0	16	0	18	0	18
chrY	8642436	7	7	3	3	0	13
chrY	8643422	7	7	3	3	0	16
chrY	8644422	7	7	3	3	0	8
chrY	8676370	0	22	3	3	0	17
chrY	8689151	0	2	4	4	7	7
chrY	8694432	0	25	6	6	0	18
chrY	8696345	9	9	6	6	0	18
chrY	8723828	0	19	4	4	0	11
chrY	8725483	1	23	0	13	0	17
chrY	8745607	7	7	5	5	0	11
chrY	8756181	7	7	5	5	0	14
chrY	8777219	0	24	5	5	0	12
chrY	8789666	9	9	0	15	5	5
chrY	8789727	9	9	0	11	5	5
chrY	8798801	9	9	5	5	0	9
chrY	8802904	0	19	4	4	0	18
chrY	8809450	0	5	2	2	7	7
chrY	8809452	0	5	2	2	7	7
chrY	8809454	0	5	1	1	7	7
chrY	8809498	10	10	4	4	0	4
chrY	8814714	0	22	4	4	0	16
chrY	8831944	0	17	6	6	7	7
chrY	8833221	14	14	6	6	0	16
chrY	8836360	9	9	0	19	6	6
chrY	8847386	7	7	5	5	0	15
chrY	8851587	7	7	5	5	0	15
chrY	8853421	0	16	5	5	5	5
chrY	8861934	0	17	5	5	7	7
chrY	8867473	0	19	5	5	3	3
chrY	8870143	10	10	5	5	0	14
chrY	8876803	10	10	5	5	0	15
chrY	8878445	0	20	5	5	0	13
chrY	8880589	9	9	5	5	0	21
chrY	8893648	0	22	5	5	0	17
chrY	8893709	14	14	5	5	0	14
chrY	8894603	0	27	0	15	0	21
chrY	8898392	0	33	5	5	5	5
chrY	8899717	0	16	5	5	5	5
chrY	8899728	0	18	5	5	5	5
chrY	8902795	0	12	5	5	0	18
chrY	8903150	0	28	5	5	0	11
chrY	8910861	12	12	5	5	0	19
chrY	8915472	12	12	5	5	0	4
chrY	8915473	12	12	5	5	0	4
chrY	8915486	0	22	5	5	0	6
chrY	8915489	0	22	5	5	0	7
chrY	8925345	9	9	5	5	0	15
chrY	8937010	0	21	3	3	0	8
chrY	8939099	0	13	3	3	4	4
chrY	8940510	0	23	3	3	4	4
chrY	8941197	3	3	3	3	0	14
chrY	8941929	3	3	3	3	0	3
chrY	8948098	0	5	3	3	3	3
chrY	8958743	0	4	3	3	3	3
chrY	8959766	4	4	3	3	0	3
chrY	9740923	2	5	1	1	2	2
chrY	9845906	4	4	4	4	0	9
chrY	9847500	4	4	4	4	0	15
chrY	9849199	4	4	4	4	0	18
chrY	9849370	4	4	4	4	0	15
chrY	9850100	0	20	4	4	0	19
chrY	9850978	9	9	4	4	0	17
chrY	9855910	9	9	4	4	0	15
chrY	9856364	0	17	4	4	0	12
chrY	9856367	0	17	4	4	0	12
chrY	9856368	0	17	4	4	0	12
chrY	9856371	0	17	4	4	0	12
chrY	9856404	0	16	4	4	0	11
chrY	9856412	0	18	4	4	0	11
chrY	9856416	0	17	4	4	0	12
chrY	9856419	0	18	4	4	0	12
chrY	9856427	0	18	4	4	0	14
chrY	9856470	0	20	4	4	0	19
chrY	9856471	0	20	4	4	0	19
chrY	9856495	0	24	4	4	0	22
chrY	9856513	0	24	4	4	0	22
chrY	9856535	0	27	4	4	0	22
chrY	9864035	0	21	4	4	5	5
chrY	9865850	11	11	4	4	0	25
chrY	9867011	11	11	4	4	0	17
chrY	9867589	11	11	4	4	0	16
chrY	9870571	11	11	4	4	0	14
chrY	9871820	11	11	4	4	0	13
chrY	9880364	10	10	3	3	0	7
chrY	9881914	0	16	3	3	5	5
chrY	9888146	0	26	3	3	0	17
chrY	9889328	9	9	3	3	0	6
chrY	9902441	4	4	7	7	0	15
chrY	9909900	10	10	5	5	0	21
chrY	9911599	6	6	5	5	0	15
chrY	9914498	6	6	5	5	0	16
chrY	9914499	6	6	0	15	5	5
chrY	9919716	6	6	6	6	0	20
chrY	9922546	8	8	2	2	0	9
chrY	9935169	0	14	5	5	6	6
chrY	9939259	0	26	5	5	0	10
chrY	9939261	3	3	5	5	0	10
chrY	9963989	3	3	3	3	0	20
chrY	9972233	3	3	0	13	3	3
chrY	9984467	2	2	3	3	0	2
chrY	9984473	2	2	3	3	0	2
chrY	9994860	13	13	5	5	0	11
chrY	10141163	0	12	3	3	0	7
chrY	10169047	3	3	3	3	0	21
chrY	10174553	3	3	3	3	0	6
chrY	10182346	15	33	3	3	15	33
chrY	10182364	15	36	3	3	15	34
chrY	10182482	18	45	3	3	14	27
chrY	10182713	20	58	3	3	11	24
chrY	10182765	19	53	3	3	11	24
chrY	10182805	23	54	3	3	12	24
chrY	10200000	0	16	3	3	4	4
chrY	10200857	4	4	3	3	0	8
chrY	10240255	0	23	0	15	0	17
chrY	10245810	8	8	0	8	5	5
chrY	10245814	0	7	4	4	5	5
chrY	10253412	0	28	4	4	5	5
chrY	10267368	4	4	3	3	0	16
chrY	10270389	0	33	3	3	4	4
chrY	10286635	10	10	3	3	0	19
chrY	10288540	0	18	3	3	0	12
chrY	10296675	0	22	3	3	0	14
chrY	10302216	11	11	3	3	0	12
chrY	10314109	9	9	3	3	0	15
chrY	10314110	9	9	3	3	0	15
chrY	10314121	9	9	3	3	0	16
chrY	10320715	9	9	0	11	7	7
chrY	10321823	14	14	5	5	0	15
chrY	10321844	14	14	5	5	0	11
chrY	10322135	14	14	5	5	0	20
chrY	10323173	0	22	5	5	7	7
chrY	10326272	0	25	5	5	0	27
chrY	10329573	13	13	7	7	0	21
chrY	10331970	15	15	7	7	0	17
chrY	10331974	15	15	7	7	0	17
chrY	10332129	0	25	7	7	0	16
chrY	10332933	9	9	7	7	0	11
chrY	10348233	5	5	3	3	0	15
chrY	10350291	5	5	3	3	0	13
chrY	10351730	5	5	3	3	0	18
chrY	10353977	0	19	3	3	0	23
chrY	10353979	0	19	3	3	0	23
chrY	10353981	0	19	3	3	0	23
chrY	10360408	0	23	3	3	7	7
chrY	10360498	14	14	0	17	7	7
chrY	10363299	0	22	8	8	0	20
chrY	10363797	12	12	4	4	0	11
chrY	10367229	0	20	4	4	7	7
chrY	10367537	8	8	4	4	0	19
chrY	10370695	0	21	4	4	5	5
chrY	10386357	0	27	4	4	0	20
chrY	10399041	0	28	4	4	0	19
chrY	10402451	0	21	4	4	5	5
chrY	10402572	0	16	4	4	5	5
chrY	10402672	0	14	4	4	0	12
chrY	10407392	8	8	4	4	0	16
chrY	10407469	8	8	4	4	0	20
chrY	10415021	8	8	4	4	0	18
chrY	10417660	8	8	4	4	0	10
chrY	10420886	8	8	4	4	0	12
chrY	10422123	8	8	4	4	0	20
chrY	10423413	8	8	4	4	0	14
chrY	10428044	7	7	5	5	0	13
chrY	10432242	7	7	5	5	0	17
chrY	10444379	7	7	0	14	3	3
chrY	10447996	7	7	8	8	0	12
chrY	10453202	10	10	5	5	0	17
chrY	10453242	10	10	5	5	0	19
chrY	10456061	10	10	5	5	0	17
chrY	10459440	10	10	0	18	6	6
chrY	10464035	10	10	5	5	0	13
chrY	10471121	0	20	5	5	5	5
chrY	10472519	10	10	0	14	5	5
chrY	10476528	10	10	5	5	0	12
chrY	10481482	0	24	5	5	7	7
chrY	10484367	0	17	5	5	0	17
chrY	10485427	0	30	5	5	7	7
chrY	10486974	11	11	5	5	0	9
chrY	10489734	0	14	0	16	0	14
chrY	10490297	0	15	5	5	8	8
chrY	10491357	0	26	5	5	0	22
chrY	10498115	11	11	0	19	4	4
chrY	10498580	0	10	5	5	4	4
chrY	10498584	0	10	5	5	4	4
chrY	10499524	10	10	5	5	0	9
chrY	10500586	10	10	5	5	0	19
chrY	10500807	10	10	5	5	0	19
chrY	10501239	0	24	5	5	9	9
chrY	10501332	10	10	5	5	0	14
chrY	10501930	0	22	5	5	0	7
chrY	10515182	0	22	6	6	0	18
chrY	10517183	0	24	6	6	4	4
chrY	10519619	0	24	6	6	0	11
chrY	10519711	0	20	6	6	11	11
chrY	10520236	0	21	6	6	0	24
chrY	10528618	0	21	5	5	0	10
chrY	10529826	0	23	5	5	0	15
chrY	10536038	0	9	4	4	4	4
chrY	10536047	0	9	4	4	4	4
chrY	10536050	0	8	4	4	4	4
chrY	10536053	0	8	4	4	4	4
chrY	10536061	0	8	4	4	4	4
chrY	10536349	0	4	4	4	4	4
chrY	10537880	4	4	4	4	0	17
chrY	10540776	0	17	4	4	3	3
chrY	10541099	12	12	4	4	0	24
chrY	10542183	0	24	4	4	8	8
chrY	10544049	13	13	4	4	0	22
chrY	10544582	0	17	4	4	6	6
chrY	10550612	0	26	4	4	0	10
chrY	10555822	0	22	4	4	0	15
chrY	10559194	8	8	4	4	0	18
chrY	10559323	0	17	4	4	8	8
chrY	10561159	4	4	4	4	0	18
chrY	10568279	0	4	0	3	3	3
chrY	10570088	3	3	3	3	0	13
chrY	10878638	3	3	4	4	0	8
chrY	10879507	3	3	4	4	0	4
chrY	10882134	0	31	4	4	3	3
chrY	10882236	0	21	4	4	3	3
chrY	10883520	5	5	3	3	0	13
chrY	10890253	12	12	3	3	0	13
chrY	10891086	12	12	8	8	0	8
chrY	10893233	0	10	0	8	0	11
chrY	10897555	10	10	0	21	4	4
chrY	10901259	0	11	1	8	0	15
chrY	10903825	13	13	5	5	0	15
chrY	10904646	0	17	5	5	9	9
chrY	10906441	12	12	5	5	0	14
chrY	10907993	0	18	5	5	0	15
chrY	10912091	9	9	3	3	0	14
chrY	10917409	2	6	3	3	10	10
chrY	10931720	10	10	5	5	0	9
chrY	10940904	0	6	0	5	0	11
chrY	10943974	9	9	4	4	0	11
chrY	10943976	9	9	4	4	0	11
chrY	10944413	0	13	4	4	0	33
chrY	10944481	0	10	4	4	9	9
chrY	10947879	0	20	7	7	7	7
chrY	10949603	8	8	7	7	0	11
chrY	10951662	0	21	4	4	6	6
chrY	10961398	0	13	4	4	8	8
chrY	10961611	11	11	4	4	0	15
chrY	10962148	11	11	4	4	0	10
chrY	10962161	11	11	4	4	0	9
chrY	10962893	11	11	4	4	0	12
chrY	10964561	0	18	5	5	7	7
chrY	10969694	0	20	5	5	5	5
chrY	10971455	0	14	5	5	0	9
chrY	10973155	0	14	5	5	0	13
chrY	10977684	0	23	5	5	7	7
chrY	10980194	13	13	6	6	0	14
chrY	10985461	7	7	7	7	0	21
chrY	10986432	0	16	0	17	0	19
chrY	10986997	0	16	10	10	0	14
chrY	10987873	10	10	0	13	9	9
chrY	10989240	9	9	7	7	0	15
chrY	10990820	0	17	7	7	0	11
chrY	10993191	0	20	3	3	0	14
chrY	10994298	0	19	0	12	0	14
chrY	10995150	0	7	6	6	5	5
chrY	11000405	0	18	6	6	3	3
chrY	11004125	12	12	4	4	0	17
chrY	11005060	12	12	4	4	0	21
chrY	11006956	0	25	0	12	0	16
chrY	11008856	12	12	7	7	0	3
chrY	11013622	0	13	0	11	0	12
chrY	11015215	0	11	5	5	0	12
chrY	11015283	14	14	5	5	0	18
chrY	11019561	14	14	7	7	1	21
chrY	11019876	0	24	7	7	10	10
chrY	11030054	0	18	7	7	10	10
chrY	11030258	18	18	7	7	0	23
chrY	11032826	10	10	4	4	0	20
chrY	11033853	10	10	4	4	0	16
chrY	11033948	10	10	4	4	0	23
chrY	11034730	10	10	4	4	1	13
chrY	11041038	10	10	4	4	0	18
chrY	11042456	13	13	0	11	7	7
chrY	11047544	9	9	6	6	0	15
chrY	11048870	1	14	6	6	10	10
chrY	11049870	0	17	5	5	1	21
chrY	11050551	13	13	5	5	0	14
chrY	11055613	0	16	5	5	6	6
chrY	11057249	8	8	5	5	0	19
chrY	11058825	8	8	3	3	0	20
chrY	11063837	8	8	6	6	0	17
chrY	11067142	8	8	6	6	0	15
chrY	11069339	3	16	8	8	9	9
chrY	11069507	14	14	0	20	9	9
chrY	11069990	3	3	4	4	0	11
chrY	11076311	0	15	3	3	3	3
chrY	11084986	0	19	3	3	0	19
chrY	11089042	0	22	3	3	8	8
chrY	11092558	0	18	3	3	7	7
chrY	11093330	0	16	3	3	7	7
chrY	11093351	13	13	3	3	0	20
chrY	11099911	12	12	5	5	0	12
chrY	11099988	0	17	5	5	0	16
chrY	11103090	11	11	5	5	0	16
chrY	11110982	0	9	5	5	4	4
chrY	11110987	0	9	5	5	4	4
chrY	11110992	12	12	0	6	4	4
chrY	11111002	0	7	7	7	4	4
chrY	11111115	18	18	7	7	0	12
chrY	11111343	1	17	7	7	10	10
chrY	11111500	13	13	7	7	0	20
chrY	11113738	11	11	7	7	0	13
chrY	11121738	0	10	0	9	6	6
chrY	11130327	10	10	6	6	1	27
chrY	11133267	0	14	6	6	7	7
chrY	11137811	10	10	6	6	0	14
chrY	11138882	10	10	0	13	7	7
chrY	11141897	10	10	6	6	0	20
chrY	11144164	0	23	6	6	8	8
chrY	11146263	9	9	6	6	0	16
chrY	11146476	9	9	6	6	0	9
chrY	11150199	0	17	0	11	0	18
chrY	11152992	10	10	6	6	0	9
chrY	11153097	10	10	6	6	0	12
chrY	11154370	10	10	6	6	0	17
chrY	11155549	10	10	6	6	0	12
chrY	11158997	10	10	6	6	0	30
chrY	11174480	0	14	0	13	0	11
chrY	11174898	9	9	3	3	0	12
chrY	11193639	7	7	9	9	0	17
chrY	11193916	7	7	0	4	6	6
chrY	11195688	0	17	0	12	0	13
chrY	11196799	10	10	6	6	0	16
chrY	11201074	0	21	6	6	4	4
chrY	11201478	0	28	6	6	0	19
chrY	11203383	0	13	6	6	0	8
chrY	11206806	10	10	6	6	0	15
chrY	11209950	0	13	6	6	0	8
chrY	11210413	13	13	6	6	0	15
chrY	11210591	0	15	4	4	0	17
chrY	11211437	0	11	4	4	0	13
chrY	11219137	7	7	4	4	0	14
chrY	11223962	0	29	0	16	0	12
chrY	11226165	0	13	8	8	7	7
chrY	11231995	0	13	6	6	0	13
chrY	11235923	13	13	9	9	0	8
chrY	11235926	13	13	9	9	0	7
chrY	11235928	13	13	9	9	0	7
chrY	11235931	13	13	9	9	0	7
chrY	11247323	0	16	4	4	5	5
chrY	11263359	0	17	5	5	0	14
chrY	11266219	0	27	5	5	6	6
chrY	11268041	0	14	5	5	6	6
chrY	11270899	0	17	5	5	2	12
chrY	11274762	10	10	0	10	6	6
chrY	11275567	10	10	6	6	0	11
chrY	11277002	0	19	6	6	5	5
chrY	11278983	14	14	6	6	0	19
chrY	11286193	0	29	6	6	7	7
chrY	11290831	6	6	4	4	0	13
chrY	11300571	0	10	4	4	4	4
chrY	11304426	11	11	0	19	5	5
chrY	11305779	11	11	8	8	0	10
chrY	11307138	0	27	8	8	7	7
chrY	11313690	0	27	6	6	0	20
chrY	11320873	9	9	6	6	0	17
chrY	11322996	5	5	6	6	0	6
chrY	11324750	0	21	6	6	6	6
chrY	11325819	0	18	0	10	0	10
chrY	11337026	6	6	5	5	0	14
chrY	11341523	0	21	5	5	5	5
chrY	11345993	5	5	5	5	0	13
chrY	11349651	5	5	5	5	0	19
chrY	11349740	0	17	5	5	0	12
chrY	11350076	0	23	5	5	8	8
chrY	11350079	0	23	5	5	8	8
chrY	11350082	0	23	5	5	8	8
chrY	11350248	8	8	5	5	0	16
chrY	11353652	0	21	5	5	7	7
chrY	11358814	0	28	8	8	0	18
chrY	11381933	15	15	7	7	0	22
chrY	11384377	0	17	7	7	0	13
chrY	11384384	13	13	7	7	0	15
chrY	11385536	31	31	7	7	11	25
chrY	11390912	12	12	5	5	1	20
chrY	11401747	0	16	4	4	0	15
chrY	11409767	8	8	4	4	0	17
chrY	11414119	0	18	5	5	6	6
chrY	11421601	8	8	5	5	0	12
chrY	11426604	8	8	5	5	0	17
chrY	11432500	8	8	5	5	0	17
chrY	11435928	0	21	5	5	0	15
chrY	11436159	15	15	5	5	0	23
chrY	11436489	0	25	5	5	10	10
chrY	11437255	0	18	5	5	10	10
chrY	11442974	0	16	5	5	0	11
chrY	11452339	19	19	7	7	0	17
chrY	11454364	0	34	7	7	11	11
chrY	11454383	0	29	0	27	0	22
chrY	11459053	8	8	8	8	1	17
chrY	11462710	0	16	0	9	0	10
chrY	11463134	0	17	0	14	0	13
chrY	11463709	0	19	7	7	7	7
chrY	11466131	0	20	7	7	0	8
chrY	11467293	12	12	7	7	0	17
chrY	11471762	12	12	8	8	0	12
chrY	11472409	0	19	8	8	0	11
chrY	11472923	0	22	8	8	7	7
chrY	11475001	0	26	6	6	0	10
chrY	11476807	0	18	6	6	3	3
chrY	11477106	0	21	6	6	3	3
chrY	11477483	0	25	6	6	3	3
chrY	11486470	0	14	6	6	0	12
chrY	11489513	0	19	3	3	0	23
chrY	11489940	9	9	3	3	0	25
chrY	11497285	0	24	6	6	0	14
chrY	11502687	0	17	6	6	0	17
chrY	11504230	9	9	6	6	0	21
chrY	11515348	0	6	0	7	11	11
chrY	11519717	0	17	6	6	0	14
chrY	11520485	0	19	6	6	9	9
chrY	11524319	10	10	8	8	0	16
chrY	11526590	13	13	8	8	0	28
chrY	11528903	0	31	6	6	7	7
chrY	11536056	10	10	6	6	0	10
chrY	11542970	0	27	9	9	9	9
chrY	11547028	0	15	9	9	0	12
chrY	11548165	0	18	0	8	0	11
chrY	11551566	2	15	6	6	6	6
chrY	11553396	0	20	9	9	0	16
chrY	11567567	4	4	6	6	0	16
chrY	11567756	4	4	6	6	0	19
chrY	11571377	4	4	5	5	0	12
chrY	11572211	4	4	5	5	0	17
chrY	11572593	4	4	5	5	0	18
chrY	11575303	4	4	5	5	0	20
chrY	11576821	0	18	5	5	9	9
chrY	11578301	9	9	5	5	0	14
chrY	11578353	9	9	5	5	0	13
chrY	11581049	9	9	5	5	0	18
chrY	11584164	0	20	5	5	5	5
chrY	11585939	0	27	5	5	0	19
chrY	11589044	11	11	5	5	0	11
chrY	11589683	0	24	5	5	4	4
chrY	11598536	0	15	6	6	0	18
chrY	11603722	8	8	5	5	0	18
chrY	11607453	8	8	5	5	0	12
chrY	11609291	0	19	5	5	5	5
chrY	11610732	5	5	5	5	0	16
chrY	11613520	7	7	4	4	0	13
chrY	11614734	0	22	4	4	8	8
chrY	11614810	0	25	4	4	8	8
chrY	11614979	0	10	4	4	0	9
chrY	11622005	9	9	4	4	0	9
chrY	11623893	9	9	4	4	0	19
chrY	11624129	9	9	4	4	0	15
chrY	11624233	9	9	4	4	0	19
chrY	11624681	9	9	4	4	0	15
chrY	11637177	7	7	4	4	0	9
chrY	11638098	0	19	4	4	0	17
chrY	11643761	0	21	0	18	0	16
chrY	11643992	0	18	0	20	0	12
chrY	11644707	0	27	4	4	0	14
chrY	11650363	9	9	5	5	0	19
chrY	11651915	9	9	5	5	0	21
chrY	11660375	0	33	5	5	7	7
chrY	11661980	16	16	5	5	0	21
chrY	11662419	16	16	5	5	0	25
chrY	11663038	0	22	5	5	0	17
chrY	11665777	13	13	5	5	0	17
chrY	11667018	6	6	5	5	0	15
chrY	11670701	6	6	5	5	0	20
chrY	11672061	0	27	5	5	0	13
chrY	11674181	12	12	5	5	0	8
chrY	11678364	0	21	5	5	0	13
chrY	11682991	0	12	5	5	8	8
chrY	11683092	11	11	5	5	0	20
chrY	11683141	11	11	5	5	0	21
chrY	11683443	0	22	5	5	0	18
chrY	11690161	0	24	5	5	6	6
chrY	11692827	0	23	5	5	0	10
chrY	11695405	0	17	5	5	6	6
chrY	11698717	0	11	5	5	0	9
chrY	11699377	10	10	0	17	6	6
chrY	11703432	0	24	4	4	0	20
chrY	11710728	0	25	4	4	0	15
chrY	11713156	7	7	4	4	0	13
chrY	11715891	9	9	4	4	0	15
chrY	11716078	9	9	4	4	0	14
chrY	11720561	11	11	4	4	0	14
chrY	11721577	0	27	4	4	6	6
chrY	11722343	0	17	4	4	6	6
chrY	11723460	0	17	4	4	6	6
chrY	11727383	8	8	0	17	6	6
chrY	11729414	8	8	6	6	0	23
chrY	11730602	10	10	6	6	0	15
chrY	11730833	10	10	6	6	0	13
chrY	11731891	10	10	6	6	0	8
chrY	11731961	10	10	6	6	0	10
chrY	11739883	17	17	6	6	1	13
chrY	11740653	17	17	6	6	0	18
chrY	11740945	17	17	6	6	0	17
chrY	11740978	17	17	0	23	9	9
chrY	11741502	0	26	3	3	0	16
chrY	11742057	0	21	3	3	0	15
chrY	11745344	0	23	3	3	0	15
chrY	11745478	9	9	3	3	0	15
chrY	11753417	0	16	4	4	0	17
chrY	11754121	11	11	4	4	0	17
chrY	11756857	0	22	4	4	5	5
chrY	11757079	0	19	4	4	0	16
chrY	11758574	11	11	4	4	0	16
chrY	11759487	0	22	4	4	5	5
chrY	11760939	0	25	0	16	0	23
chrY	11761157	3	3	5	5	0	21
chrY	11761174	3	3	5	5	0	20
chrY	11765401	3	3	2	2	0	3
chrY	11766485	0	10	3	3	3	3
chrY	11766619	0	2	3	3	0	0
chrY	11769536	0	23	4	4	0	17
chrY	11770487	0	6	4	4	4	4
chrY	11771321	6	6	0	10	8	8
chrY	11772039	10	10	4	4	0	14
chrY	11772316	0	23	4	4	0	16
chrY	11772756	0	16	4	4	7	7
chrY	11773041	17	17	4	4	0	18
chrY	11773264	17	17	4	4	0	16
chrY	11773352	0	21	4	4	6	6
chrY	11773774	0	6	4	4	0	6
chrY	11774325	2	2	4	4	0	2
chrY	11775164	4	4	0	13	3	3
chrY	11775451	0	11	3	3	0	10
chrY	11776112	0	5	3	3	2	2
chrY	11777214	0	27	3	3	11	11
chrY	11777274	0	29	3	3	0	13
chrY	11778532	0	11	3	3	4	4
chrY	11779367	11	11	3	3	0	3
chrY	11779386	11	11	3	3	0	5
chrY	11781077	3	3	3	3	0	16
chrY	11781307	3	3	3	3	0	13
chrY	11782277	0	9	3	3	0	8
chrY	11783175	0	23	0	18	0	19
chrY	11784030	0	9	4	4	5	5
chrY	11786850	4	4	3	3	0	6
chrY	11788999	0	5	3	3	3	3
chrY	11790766	0	6	3	3	0	0
chrY	11805689	3	3	4	4	0	6
chrY	11810242	0	2	3	3	2	5
chrY	11810768	3	3	2	2	1	4
chrY	12549694	0	20	0	11	0	11
chrY	12551254	0	18	4	4	6	6
chrY	12554677	12	12	4	4	0	24
chrY	12563074	11	11	4	4	0	15
chrY	12566207	0	28	4	4	0	15
chrY	12573308	9	9	4	4	0	14
chrY	12575606	9	9	3	3	0	11
chrY	12576377	10	10	3	3	0	18
chrY	12578594	10	10	3	3	0	15
chrY	12580082	10	10	3	3	0	17
chrY	12581796	10	10	3	3	0	9
chrY	12587510	11	11	8	8	0	19
chrY	12588308	11	11	8	8	0	16
chrY	12593056	0	23	0	15	0	11
chrY	12593769	0	16	7	7	4	4
chrY	12594979	1	7	7	7	4	4
chrY	12596498	0	21	7	7	0	13
chrY	12602364	0	14	5	5	8	8
chrY	12603197	0	11	5	5	0	20
chrY	12604944	0	21	5	5	6	6
chrY	12609156	0	19	5	5	8	8
chrY	12609231	12	12	5	5	0	17
chrY	12609547	12	12	5	5	0	5
chrY	12614660	10	10	5	5	0	19
chrY	12614934	10	10	5	5	0	18
chrY	12618839	0	8	5	5	6	6
chrY	12618888	13	13	5	5	0	14
chrY	12624797	0	4	7	7	11	11
chrY	12624802	0	4	7	7	11	11
chrY	12624813	0	4	7	7	11	11
chrY	12624818	0	4	7	7	0	12
chrY	12625864	0	31	7	7	7	7
chrY	12627499	12	12	7	7	0	8
chrY	12635650	16	16	5	5	0	14
chrY	12636337	16	16	5	5	0	12
chrY	12641785	0	18	5	5	6	6
chrY	12642910	14	14	5	5	0	17
chrY	12643574	0	17	5	5	6	6
chrY	12644349	0	18	5	5	8	8
chrY	12644492	0	23	5	5	8	8
chrY	12644494	0	23	5	5	8	8
chrY	12649762	0	30	7	7	9	9
chrY	12650792	13	13	7	7	0	16
chrY	12654548	0	24	3	3	0	13
chrY	12656830	5	5	3	3	0	18
chrY	12656831	5	5	3	3	0	18
chrY	12663971	5	5	0	20	4	4
chrY	12665568	0	18	6	6	0	13
chrY	12670049	11	11	6	6	0	8
chrY	12673855	0	24	4	4	0	13
chrY	12674177	0	18	4	4	4	4
chrY	12682568	6	6	4	4	0	11
chrY	12686518	0	30	3	3	7	7
chrY	12692629	0	23	3	3	0	22
chrY	12694035	0	16	3	3	9	9
chrY	12696708	8	8	3	3	0	18
chrY	12708424	8	8	4	4	0	13
chrY	12718091	0	15	0	8	0	13
chrY	12729412	0	11	5	5	0	18
chrY	12730642	12	12	0	16	9	9
chrY	12731360	0	23	0	12	0	17
chrY	12731823	0	12	4	4	4	4
chrY	12736705	0	24	4	4	0	21
chrY	12742456	0	15	4	4	0	24
chrY	12745608	10	10	4	4	0	16
chrY	12746741	0	21	4	4	0	14
chrY	12747307	0	19	0	15	0	16
chrY	12750048	0	15	7	7	4	4
chrY	12750076	0	7	0	5	0	8
chrY	12751501	0	11	5	5	0	16
chrY	12754619	0	24	5	5	0	8
chrY	12765540	0	11	0	13	0	18
chrY	12780399	5	5	7	7	0	18
chrY	12791979	0	18	5	5	7	7
chrY	12799024	0	23	4	4	0	17
chrY	12817519	0	26	3	3	0	25
chrY	12819354	10	10	6	6	0	24
chrY	12828890	0	23	6	6	6	6
chrY	12832027	0	19	6	6	0	16
chrY	12844440	9	9	7	7	0	13
chrY	12846488	8	8	7	7	0	15
chrY	12858494	0	20	5	5	0	14
chrY	12861187	9	9	5	5	0	20
chrY	12862090	9	9	0	17	4	4
chrY	12866001	0	16	5	5	4	4
chrY	12870798	0	20	7	7	0	12
chrY	12879174	8	8	7	7	0	19
chrY	12882769	8	8	7	7	0	10
chrY	12886821	0	24	7	7	0	16
chrY	12889156	9	9	6	6	0	8
chrY	12894525	9	9	6	6	0	19
chrY	12898281	11	11	6	6	0	13
chrY	12899004	11	11	0	11	7	7
chrY	12900062	11	11	6	6	0	17
chrY	12902815	0	16	6	6	6	6
chrY	12904045	0	9	6	6	8	8
chrY	12905561	6	6	6	6	0	18
chrY	12906289	0	26	6	6	5	5
chrY	12907999	11	11	0	27	5	5
chrY	12909885	0	24	0	15	0	18
chrY	12911175	9	9	5	5	0	20
chrY	12913249	9	9	5	5	0	15
chrY	12918361	0	24	4	4	0	20
chrY	12922526	0	23	4	4	6	6
chrY	12922897	0	12	4	4	6	6
chrY	12924890	9	9	3	3	0	18
chrY	12926512	9	9	3	3	0	13
chrY	12927895	0	26	3	3	0	14
chrY	12930828	0	26	6	6	0	10
chrY	12932126	10	10	6	6	0	12
chrY	12936007	10	10	6	6	0	15
chrY	12942387	0	21	6	6	4	4
chrY	12944992	9	9	6	6	0	15
chrY	12946081	9	9	6	6	0	19
chrY	12948546	9	9	6	6	0	14
chrY	12948677	0	24	6	6	0	14
chrY	12957839	0	10	4	4	0	10
chrY	12957900	10	10	4	4	0	15
chrY	12958047	0	22	4	4	10	10
chrY	12958460	7	7	4	4	0	13
chrY	12968388	7	7	4	4	0	10
chrY	12969742	0	14	4	4	0	18
chrY	12980126	0	24	4	4	8	8
chrY	12984609	11	11	4	4	0	14
chrY	12984719	11	11	4	4	0	18
chrY	12986026	11	11	4	4	0	10
chrY	12986250	11	11	4	4	0	17
chrY	12987455	11	11	4	4	0	10
chrY	12992036	0	24	4	4	6	6
chrY	13000618	0	19	6	6	0	10
chrY	13001691	0	17	6	6	0	17
chrY	13009482	9	9	6	6	0	16
chrY	13013426	0	26	6	6	5	5
chrY	13016912	0	21	0	19	0	26
chrY	13023865	0	20	3	3	0	13
chrY	13024404	13	13	3	3	0	18
chrY	13037637	8	8	3	3	0	10
chrY	13049852	12	12	0	21	5	5
chrY	13051584	0	21	4	4	0	14
chrY	13059828	0	20	4	4	4	4
chrY	13063088	11	11	4	4	0	18
chrY	13066574	11	11	4	4	0	17
chrY	13077638	10	10	4	4	0	11
chrY	13078416	10	10	4	4	0	14
chrY	13080692	0	20	4	4	0	15
chrY	13080965	0	18	4	4	0	13
chrY	13081228	8	8	4	4	0	16
chrY	13086595	8	8	4	4	0	13
chrY	13087181	0	15	4	4	5	5
chrY	13089536	7	7	4	4	0	12
chrY	13097921	7	7	0	18	5	5
chrY	13102121	0	22	0	14	0	19
chrY	13104279	0	21	6	6	7	7
chrY	13111443	10	10	6	6	0	7
chrY	13115962	10	10	6	6	0	14
chrY	13117299	0	28	6	6	5	5
chrY	13117872	4	4	6	6	0	12
chrY	13121127	4	4	8	8	0	21
chrY	13121525	4	4	8	8	0	15
chrY	13140798	0	22	5	5	0	18
chrY	13149996	0	21	6	6	0	13
chrY	13153454	0	28	6	6	9	9
chrY	13153912	7	7	6	6	0	10
chrY	13167013	0	27	0	7	0	13
chrY	13167937	0	13	4	4	0	7
chrY	13169294	9	9	4	4	0	17
chrY	13177521	0	11	4	4	0	9
chrY	13183432	9	9	4	4	0	20
chrY	13189321	9	9	4	4	0	13
chrY	13192153	0	21	0	12	0	22
chrY	13193069	0	26	4	4	0	19
chrY	13194458	0	24	4	4	6	6
chrY	13202942	0	28	3	3	5	5
chrY	13204880	0	17	3	3	5	5
chrY	13205035	0	21	3	3	0	11
chrY	13205907	11	11	3	3	0	13
chrY	13210767	0	25	8	8	3	3
chrY	13219824	0	29	3	3	4	4
chrY	13253700	9	9	3	3	0	24
chrY	13256151	9	9	3	3	0	24
chrY	13261060	9	9	3	3	0	17
chrY	13263252	0	28	3	3	0	13
chrY	13273370	0	19	3	3	0	18
chrY	13279913	4	4	3	3	0	12
chrY	13280076	4	4	3	3	0	11
chrY	13282721	0	28	4	4	0	21
chrY	13284097	0	21	4	4	0	20
chrY	13284514	0	28	4	4	0	25
chrY	13284865	10	10	4	4	0	10
chrY	13293045	8	8	4	4	0	19
chrY	13304259	9	9	3	3	0	13
chrY	13318654	0	28	5	5	6	6
chrY	13321674	9	9	5	5	0	15
chrY	13332949	7	7	3	3	0	27
chrY	13336509	7	7	3	3	0	21
chrY	13340931	7	7	3	3	0	17
chrY	13352677	0	22	3	3	5	5
chrY	13357586	0	21	3	3	5	5
chrY	13361125	6	6	5	5	0	14
chrY	13367441	6	6	0	14	8	8
chrY	13370519	6	6	6	6	0	18
chrY	13385956	9	9	6	6	0	10
chrY	13390194	9	9	0	29	4	4
chrY	13394620	0	24	3	3	4	4
chrY	13405634	0	6	3	3	0	7
chrY	13405636	0	6	3	3	0	7
chrY	13406693	3	3	5	5	0	13
chrY	13406697	3	3	5	5	0	13
chrY	13408272	3	3	0	12	5	5
chrY	13415337	3	3	5	5	0	15
chrY	13424758	0	26	0	16	0	19
chrY	13431525	7	7	4	4	0	15
chrY	13432410	7	7	4	4	0	14
chrY	13433232	0	19	4	4	10	10
chrY	13437073	0	23	4	4	10	10
chrY	13438079	0	23	4	4	0	22
chrY	13460508	10	10	5	5	0	18
chrY	13460957	0	26	5	5	0	24
chrY	13462446	11	11	5	5	0	18
chrY	13464123	0	24	0	15	0	18
chrY	13470052	0	15	4	4	5	5
chrY	13475238	0	27	4	4	5	5
chrY	13490133	11	11	4	4	0	15
chrY	13501034	0	30	3	3	0	16
chrY	13501521	0	13	3	3	0	17
chrY	13510812	0	18	3	3	0	11
chrY	13510813	0	18	3	3	0	11
chrY	13512574	12	12	3	3	0	17
chrY	13514278	12	12	3	3	0	22
chrY	13521700	0	23	3	3	4	4
chrY	13522170	0	15	3	3	4	4
chrY	13528796	0	27	3	3	0	21
chrY	13546560	0	23	3	3	8	8
chrY	13548326	0	29	3	3	0	19
chrY	13561117	8	8	4	4	0	20
chrY	13564572	8	8	4	4	0	9
chrY	13569499	13	13	9	9	0	23
chrY	13573704	8	8	5	5	0	24
chrY	13578240	0	19	5	5	0	8
chrY	13581914	6	6	5	5	0	12
chrY	13591081	0	22	0	10	0	27
chrY	13600421	7	7	3	3	0	24
chrY	13607112	0	28	3	3	0	14
chrY	13607584	7	7	3	3	0	19
chrY	13622064	24	24	3	3	0	13
chrY	13622066	0	24	3	3	6	6
chrY	13625541	0	19	3	3	6	6
chrY	13628965	11	11	3	3	0	18
chrY	13638247	9	9	3	3	0	14
chrY	13638567	9	9	3	3	0	26
chrY	13641433	9	9	3	3	0	15
chrY	13646684	9	9	3	3	0	9
chrY	13647278	0	25	3	3	0	9
chrY	13651284	9	9	3	3	0	13
chrY	13660534	0	23	3	3	6	6
chrY	13661820	8	8	3	3	0	20
chrY	13692088	0	26	3	3	0	11
chrY	13694438	0	22	3	3	7	7
chrY	13694766	17	17	3	3	0	13
chrY	13708889	8	8	3	3	0	15
chrY	13722764	0	12	6	6	5	5
chrY	13730016	0	22	6	6	6	6
chrY	13734168	0	9	0	10	6	6
chrY	13734230	0	10	6	6	0	19
chrY	13734631	10	10	6	6	0	18
chrY	13752466	0	21	6	6	3	3
chrY	13761110	3	3	3	3	0	33
chrY	13766942	0	19	3	3	0	17
chrY	13776416	0	21	0	15	0	25
chrY	13778099	0	25	8	8	5	5
chrY	13778183	0	8	5	5	0	9
chrY	13786776	14	14	5	5	0	16
chrY	13787683	0	17	5	5	0	13
chrY	13793320	10	10	5	5	0	14
chrY	13796812	0	23	5	5	0	10
chrY	13804514	0	18	5	5	0	15
chrY	13817882	7	7	5	5	0	20
chrY	13822783	0	29	5	5	4	4
chrY	13831561	0	24	5	5	0	20
chrY	13833792	0	26	5	5	6	6
chrY	13836316	11	11	5	5	0	14
chrY	13844833	9	9	0	17	7	7
chrY	13851441	0	19	6	6	0	13
chrY	13874829	0	22	6	6	4	4
chrY	13876370	0	22	6	6	4	4
chrY	13891703	8	8	5	5	0	14
chrY	13891737	0	23	5	5	12	12
chrY	13891938	7	7	5	5	0	18
chrY	13893319	7	7	5	5	0	17
chrY	13907505	0	20	4	4	4	4
chrY	13934453	0	24	4	4	0	11
chrY	13937509	9	9	4	4	0	16
chrY	13938687	0	19	4	4	8	8
chrY	13938772	0	20	4	4	8	8
chrY	13947358	11	11	4	4	0	19
chrY	13962481	0	24	6	6	0	18
chrY	13968550	8	8	6	6	0	10
chrY	13968873	0	12	6	6	6	6
chrY	13974764	0	24	6	6	0	12
chrY	13980743	0	26	6	6	6	6
chrY	13984129	6	6	6	6	0	14
chrY	13992810	6	6	6	6	0	22
chrY	13998966	0	16	6	6	6	6
chrY	14000034	4	4	6	6	0	17
chrY	14029624	3	3	3	3	0	16
chrY	14031957	0	17	3	3	0	13
chrY	14033975	0	21	3	3	8	8
chrY	14034281	4	4	3	3	0	20
chrY	14040762	0	14	3	3	0	8
chrY	14041357	9	9	3	3	0	13
chrY	14042680	9	9	3	3	0	21
chrY	14047203	9	9	3	3	0	18
chrY	14068255	8	8	0	13	4	4
chrY	14072259	0	28	7	7	0	10
chrY	14073362	0	16	7	7	0	9
chrY	14073569	14	14	0	10	18	18
chrY	14073574	14	14	0	10	0	15
chrY	14075943	6	6	3	3	0	22
chrY	14081055	0	29	3	3	0	17
chrY	14081288	0	23	3	3	4	4
chrY	14086215	6	6	0	13	4	4
chrY	14087111	6	6	4	4	0	8
chrY	14092936	0	15	4	4	0	17
chrY	14109856	10	10	4	4	0	13
chrY	14117979	8	8	5	5	0	22
chrY	14118329	8	8	5	5	0	21
chrY	14130458	8	8	5	5	0	26
chrY	14134286	11	11	4	4	0	18
chrY	14135816	0	17	4	4	0	18
chrY	14154992	11	11	4	4	0	16
chrY	14161905	0	27	4	4	0	18
chrY	14170565	10	10	4	4	0	20
chrY	14171945	0	20	4	4	5	5
chrY	14182854	8	8	4	4	0	18
chrY	14196472	8	8	4	4	0	20
chrY	14213591	0	29	5	5	0	19
chrY	14218415	10	10	5	5	0	24
chrY	14235555	6	6	5	5	0	21
chrY	14248884	6	6	5	5	0	13
chrY	14260331	0	31	0	26	0	14
chrY	14261772	9	9	0	25	5	5
chrY	14267687	0	27	6	6	5	5
chrY	14271148	0	20	6	6	0	17
chrY	14272027	0	15	6	6	0	14
chrY	14275371	0	22	6	6	4	4
chrY	14292110	0	16	5	5	6	6
chrY	14304890	0	19	3	3	9	9
chrY	14305316	13	13	3	3	0	11
chrY	14321576	9	9	3	3	0	18
chrY	14324701	0	12	3	3	8	8
chrY	14324743	9	9	3	3	0	7
chrY	14332667	0	25	3	3	0	9
chrY	14335951	14	14	3	3	0	13
chrY	14336158	0	18	3	3	0	14
chrY	14338700	10	10	3	3	0	19
chrY	14347950	9	9	3	3	0	19
chrY	14348380	0	25	3	3	0	14
chrY	14349816	0	21	3	3	0	19
chrY	14353308	0	24	4	4	7	7
chrY	14374024	8	8	4	4	0	16
chrY	14376112	0	17	4	4	0	15
chrY	14376792	0	15	4	4	6	6
chrY	14385151	0	14	4	4	6	6
chrY	14385483	12	12	4	4	0	18
chrY	14386346	12	12	5	5	0	20
chrY	14389332	0	20	7	7	7	7
chrY	14396992	0	27	7	7	0	12
chrY	14397886	10	10	7	7	0	13
chrY	14402673	0	27	6	6	0	23
chrY	14412543	11	11	6	6	0	16
chrY	14413934	0	24	6	6	0	15
chrY	14414928	0	19	0	16	0	17
chrY	14417198	8	8	6	6	1	18
chrY	14421746	8	8	6	6	0	11
chrY	14422899	8	8	6	6	0	12
chrY	14428763	8	8	6	6	0	18
chrY	14430382	8	8	6	6	0	13
chrY	14434180	0	17	6	6	0	13
chrY	14443225	0	13	6	6	7	7
chrY	14446248	10	10	6	6	0	25
chrY	14449238	0	23	6	6	7	7
chrY	14457397	7	7	3	3	0	14
chrY	14461972	0	21	3	3	6	6
chrY	14470046	0	17	3	3	3	3
chrY	14472284	4	4	5	5	0	9
chrY	14472588	4	4	5	5	0	10
chrY	14479445	0	22	5	5	5	5
chrY	14505451	0	25	5	5	4	4
chrY	14507561	9	9	5	5	0	9
chrY	14524691	9	9	0	10	5	5
chrY	14527546	0	16	5	5	5	5
chrY	14535199	0	22	5	5	6	6
chrY	14535206	10	10	5	5	0	13
chrY	14539635	10	10	5	5	0	13
chrY	14547079	0	30	0	27	0	13
chrY	14551525	0	18	3	3	0	11
chrY	14552738	7	7	3	3	0	15
chrY	14563321	7	7	3	3	0	14
chrY	14570693	7	7	3	3	0	17
chrY	14584609	7	7	3	3	0	13
chrY	14585453	7	7	3	3	0	21
chrY	14593937	9	9	4	4	0	4
chrY	14598177	0	17	4	4	7	7
chrY	14598436	0	23	0	20	0	21
chrY	14603301	7	7	7	7	0	16
chrY	14604088	7	7	6	6	0	11
chrY	14613159	0	28	8	8	4	4
chrY	14615833	8	8	7	7	0	11
chrY	14622383	0	22	7	7	0	15
chrY	14629402	0	21	4	4	0	21
chrY	14637594	0	16	6	6	6	6
chrY	14638003	8	8	0	26	6	6
chrY	14640688	0	15	7	7	0	22
chrY	14641123	8	8	0	20	7	7
chrY	14650012	0	22	0	14	0	15
chrY	14651486	10	10	5	5	0	11
chrY	14661132	9	9	4	4	0	12
chrY	14668992	0	22	4	4	6	6
chrY	14678701	8	8	4	4	0	8
chrY	14682364	0	22	4	4	0	15
chrY	14682736	0	19	4	4	6	6
chrY	14692225	10	10	4	4	0	17
chrY	14698478	10	10	4	4	0	16
chrY	14699085	10	10	4	4	0	11
chrY	14700728	10	10	4	4	0	13
chrY	14708546	0	22	4	4	0	20
chrY	14713351	0	12	4	4	4	4
chrY	14721368	0	24	0	21	0	10
chrY	14725744	9	9	4	4	0	20
chrY	14726442	9	9	4	4	0	20
chrY	14730295	9	9	4	4	0	18
chrY	14733011	0	18	4	4	0	10
chrY	14739598	0	22	4	4	8	8
chrY	14740079	11	11	4	4	0	20
chrY	14750202	11	11	4	4	0	20
chrY	14752543	0	23	4	4	8	8
chrY	14754153	0	22	4	4	0	14
chrY	14773573	7	7	4	4	0	11
chrY	14775957	0	29	4	4	0	18
chrY	14777785	11	11	4	4	0	14
chrY	14799909	0	21	4	4	5	5
chrY	14805470	0	23	0	20	0	12
chrY	14812271	6	6	5	5	0	18
chrY	14820218	6	6	5	5	0	18
chrY	14824198	7	7	0	20	5	5
chrY	14836118	9	9	4	4	0	16
chrY	14836529	9	9	4	4	0	14
chrY	14840250	9	9	4	4	0	21
chrY	14844724	0	22	4	4	0	10
chrY	14847176	8	8	7	7	0	17
chrY	14862332	0	24	5	5	7	7
chrY	14863698	0	24	5	5	0	16
chrY	14878909	11	11	4	4	0	32
chrY	14879884	0	34	4	4	0	16
chrY	14952504	0	8	0	2	0	5
chrY	14966968	3	3	3	3	0	14
chrY	14967102	3	3	0	22	4	4
chrY	14968899	3	3	0	15	4	4
chrY	14972819	3	3	3	3	0	12
chrY	14974880	0	25	3	3	0	15
chrY	14978189	0	28	3	3	7	7
chrY	14978762	0	18	3	3	0	10
chrY	14996085	0	18	0	14	0	21
chrY	14998131	6	6	5	5	0	20
chrY	15006226	0	28	6	6	0	11
chrY	15009651	0	16	6	6	3	3
chrY	15017338	0	17	6	6	3	3
chrY	15019181	0	23	6	6	0	12
chrY	15022079	0	30	6	6	0	18
chrY	15022674	0	10	6	6	5	5
chrY	15025043	7	7	5	5	0	25
chrY	15033861	7	7	5	5	0	14
chrY	15037097	7	7	5	5	0	11
chrY	15039694	0	20	5	5	0	14
chrY	15041302	0	29	5	5	0	19
chrY	15047451	7	7	3	3	0	22
chrY	15048475	7	7	3	3	0	12
chrY	15057723	0	24	3	3	0	15
chrY	15057969	0	14	3	3	6	6
chrY	15059258	13	13	3	3	0	9
chrY	15059372	0	33	3	3	0	10
chrY	15061142	0	27	3	3	0	22
chrY	15063126	0	21	3	3	0	17
chrY	15065364	10	10	3	3	0	17
chrY	15082878	0	19	3	3	5	5
chrY	15097242	9	9	4	4	0	18
chrY	15102883	0	19	0	13	0	21
chrY	15115164	0	28	3	3	4	4
chrY	15126317	0	27	4	4	4	4
chrY	15128858	10	10	4	4	0	18
chrY	15133296	8	8	6	6	0	13
chrY	15135618	8	8	6	6	0	19
chrY	15141879	10	10	6	6	0	18
chrY	15143670	10	10	6	6	0	13
chrY	15147515	0	21	6	6	0	14
chrY	15153766	9	9	0	11	7	7
chrY	15157244	0	29	4	4	0	21
chrY	15159036	7	7	5	5	0	12
chrY	15159605	0	18	0	9	0	17
chrY	15160123	0	17	5	5	6	6
chrY	15163060	7	7	5	5	0	17
chrY	15166369	7	7	5	5	0	15
chrY	15168518	0	16	5	5	0	19
chrY	15171242	0	14	4	4	5	5
chrY	15189236	0	29	4	4	5	5
chrY	15189502	9	9	4	4	0	18
chrY	15196086	9	9	4	4	0	12
chrY	15196152	0	22	4	4	0	14
chrY	15196461	8	8	4	4	0	20
chrY	15213889	8	8	4	4	0	12
chrY	15217360	0	28	4	4	0	18
chrY	15219792	0	19	4	4	0	19
chrY	15220196	0	18	4	4	9	9
chrY	15221684	0	22	4	4	9	9
chrY	15222311	0	17	4	4	0	15
chrY	15229418	0	13	4	4	0	18
chrY	15249745	0	21	0	22	0	16
chrY	15257861	8	8	0	16	5	5
chrY	15261846	8	8	4	4	0	18
chrY	15270417	0	26	5	5	0	19
chrY	15278040	0	18	6	6	0	14
chrY	15281509	8	8	0	14	5	5
chrY	15284404	0	25	6	6	5	5
chrY	15285871	0	23	6	6	5	5
chrY	15287283	0	16	6	6	5	5
chrY	15289097	0	25	8	8	4	4
chrY	15289134	0	21	8	8	4	4
chrY	15291758	0	20	8	8	4	4
chrY	15294157	12	12	8	8	0	12
chrY	15296740	0	12	0	10	0	15
chrY	15297930	11	11	8	8	0	18
chrY	15323345	0	22	0	14	0	11
chrY	15329767	0	11	4	4	4	4
chrY	15331342	0	30	5	5	0	16
chrY	15335286	0	27	5	5	0	21
chrY	15345434	9	9	5	5	0	10
chrY	15345920	9	9	5	5	0	9
chrY	15354742	0	14	5	5	6	6
chrY	15357441	0	21	5	5	0	14
chrY	15360641	0	26	6	6	0	24
chrY	15361420	0	18	0	15	0	12
chrY	15362285	11	11	4	4	0	8
chrY	15372808	9	9	4	4	0	21
chrY	15391652	9	9	4	4	0	19
chrY	15396382	9	9	5	5	0	3
chrY	15398887	9	9	5	5	0	18
chrY	15403423	9	9	5	5	0	10
chrY	15410161	0	21	5	5	6	6
chrY	15412180	6	6	6	6	0	19
chrY	15412466	6	6	6	6	0	18
chrY	15412515	6	6	0	19	6	6
chrY	15424530	0	17	4	4	5	5
chrY	15428577	8	8	4	4	0	13
chrY	15430770	8	8	4	4	0	15
chrY	15436134	8	8	4	4	0	13
chrY	15452726	9	9	7	7	0	8
chrY	15452727	0	12	7	7	0	8
chrY	15455858	7	7	7	7	0	13
chrY	15469312	0	30	5	5	0	17
chrY	15475403	12	12	5	5	0	13
chrY	15485531	6	6	3	3	0	12
chrY	15486573	6	6	3	3	0	19
chrY	15496603	8	8	0	28	6	6
chrY	15496670	8	8	3	3	0	24
chrY	15496734	8	8	3	3	0	23
chrY	15499681	8	8	0	5	8	8
chrY	15502396	8	8	4	4	0	17
chrY	15508056	0	18	4	4	6	6
chrY	15508087	9	9	4	4	0	18
chrY	15513488	0	26	4	4	6	6
chrY	15521605	0	23	4	4	5	5
chrY	15525735	5	5	0	17	4	4
chrY	15526429	5	5	5	5	0	18
chrY	15536987	0	21	5	5	5	5
chrY	15544503	0	12	5	5	0	12
chrY	15545764	14	14	5	5	0	15
chrY	15546588	0	16	5	5	6	6
chrY	15547657	0	22	0	14	0	14
chrY	15563267	0	20	3	3	0	9
chrY	15563692	11	11	3	3	0	18
chrY	15565495	0	28	3	3	6	6
chrY	15568634	0	19	3	3	6	6
chrY	15598016	0	21	3	3	0	18
chrY	15604243	0	16	0	17	14	14
chrY	15604245	0	16	0	17	14	14
chrY	15607645	10	10	4	4	0	15
chrY	15612696	9	9	4	4	0	17
chrY	15619045	6	6	3	3	0	16
chrY	15634395	9	9	4	4	0	10
chrY	15634564	0	15	4	4	0	9
chrY	15636831	11	11	4	4	0	19
chrY	15641195	9	9	4	4	0	18
chrY	15651113	0	14	4	4	6	6
chrY	15655534	11	11	4	4	0	3
chrY	15655540	10	10	4	4	0	7
chrY	15658011	10	10	4	4	0	20
chrY	15663213	10	10	4	4	0	16
chrY	15675347	6	6	4	4	0	10
chrY	15677312	0	15	4	4	4	4
chrY	15682964	0	24	5	5	0	17
chrY	15692366	9	9	5	5	0	13
chrY	15699481	0	3	4	4	11	11
chrY	15701433	9	9	4	4	0	9
chrY	15717492	8	8	4	4	0	12
chrY	15719809	8	8	4	4	0	16
chrY	15721791	8	8	4	4	0	15
chrY	15734089	0	28	4	4	7	7
chrY	15738736	0	19	4	4	7	7
chrY	15755236	0	24	0	14	0	6
chrY	15755469	8	8	5	5	0	8
chrY	15760707	0	21	5	5	0	23
chrY	15764874	0	20	0	17	0	15
chrY	15766331	0	16	4	4	5	5
chrY	15769985	10	10	4	4	0	12
chrY	15806136	8	8	7	7	0	17
chrY	15806860	0	20	7	7	0	20
chrY	15808412	0	21	6	6	8	8
chrY	15808545	11	11	6	6	0	14
chrY	15819015	11	11	6	6	0	20
chrY	15835128	0	23	6	6	0	10
chrY	15835274	7	7	6	6	0	17
chrY	15849623	10	10	4	4	0	11
chrY	15853259	0	28	0	23	0	17
chrY	15859674	0	24	3	3	0	13
chrY	15860492	6	6	3	3	0	21
chrY	15862737	6	6	3	3	0	16
chrY	15865565	6	6	3	3	0	14
chrY	15881738	8	8	8	8	0	14
chrY	15882487	8	8	0	14	5	5
chrY	15887190	8	8	5	5	0	10
chrY	15909979	8	8	4	4	0	15
chrY	15913738	8	8	4	4	0	21
chrY	15917769	8	8	4	4	0	14
chrY	15925215	5	5	0	17	7	7
chrY	15927259	0	25	4	4	7	7
chrY	15931533	0	22	4	4	0	6
chrY	15934898	9	9	4	4	0	13
chrY	15936747	10	10	4	4	0	6
chrY	15941239	7	7	6	6	0	13
chrY	15947339	7	7	6	6	0	16
chrY	15959033	0	17	5	5	5	5
chrY	15964936	7	7	5	5	0	13
chrY	15970186	7	7	5	5	0	11
chrY	15987545	10	10	5	5	0	5
chrY	15988443	10	10	5	5	0	6
chrY	15994653	10	10	5	5	0	17
chrY	15995521	0	23	5	5	0	20
chrY	15995911	9	9	5	5	0	13
chrY	16001002	0	32	5	5	5	5
chrY	16004592	0	32	5	5	0	21
chrY	16005545	0	12	5	5	0	13
chrY	16016031	0	20	5	5	0	13
chrY	16024365	7	7	5	5	0	13
chrY	16040717	0	21	4	4	0	11
chrY	16050677	9	9	4	4	0	13
chrY	16057496	9	9	4	4	0	30
chrY	16057730	9	9	4	4	0	19
chrY	16060843	10	10	4	4	0	11
chrY	16061939	0	17	4	4	4	4
chrY	16070369	0	16	6	6	6	6
chrY	16070423	13	13	6	6	0	3
chrY	16071706	0	19	0	11	0	12
chrY	16075914	10	10	0	14	0	16
chrY	16080657	0	27	4	4	8	8
chrY	16080952	8	8	4	4	0	27
chrY	16089623	14	14	4	4	0	16
chrY	16091642	0	21	4	4	0	18
chrY	16096066	0	22	5	5	7	7
chrY	16105511	9	9	3	3	0	16
chrY	16106640	9	9	3	3	0	19
chrY	16109342	5	5	6	6	0	15
chrY	16122822	0	26	6	6	0	9
chrY	16127387	0	18	6	6	0	12
chrY	16129365	0	18	4	4	9	9
chrY	16130341	0	20	4	4	0	11
chrY	16136347	0	22	4	4	3	3
chrY	16139090	0	17	4	4	0	12
chrY	16161979	0	24	4	4	0	13
chrY	16166822	9	9	4	4	0	20
chrY	16168665	0	25	4	4	6	6
chrY	16171983	0	34	0	14	0	13
chrY	16173435	9	9	4	4	0	17
chrY	16174208	9	9	4	4	0	27
chrY	16176300	0	21	4	4	0	12
chrY	16185886	0	24	4	4	0	19
chrY	16188769	11	11	4	4	0	17
chrY	16193256	11	11	4	4	0	15
chrY	16194159	0	17	4	4	7	7
chrY	16195263	10	10	4	4	0	25
chrY	16195443	0	17	4	4	7	7
chrY	16206852	7	7	4	4	0	11
chrY	16210353	13	13	4	4	0	20
chrY	16214587	0	22	4	4	0	16
chrY	16214670	10	10	4	4	0	16
chrY	16215873	10	10	4	4	0	16
chrY	16222867	0	20	4	4	0	14
chrY	16238627	11	11	6	6	0	16
chrY	16256117	0	20	5	5	6	6
chrY	16258836	10	10	5	5	0	15
chrY	16262536	0	23	5	5	0	17
chrY	16264751	0	21	5	5	7	7
chrY	16282879	9	9	5	5	0	19
chrY	16288150	9	9	5	5	0	18
chrY	16290551	0	21	5	5	0	15
chrY	16293522	0	26	0	12	0	15
chrY	16297105	0	24	4	4	4	4
chrY	16297340	0	33	4	4	0	20
chrY	16302974	0	22	4	4	3	3
chrY	16305039	0	17	4	4	3	3
chrY	16307815	0	21	4	4	0	14
chrY	16308492	10	10	4	4	0	13
chrY	16316562	10	10	4	4	0	18
chrY	16319763	0	10	0	13	0	18
chrY	16328966	0	10	0	16	0	14
chrY	16329024	0	17	6	6	0	14
chrY	16329025	8	8	6	6	0	14
chrY	16334340	8	8	6	6	0	10
chrY	16335376	0	26	6	6	0	10
chrY	16339821	10	10	5	5	0	21
chrY	16340243	0	25	5	5	5	5
chrY	16348010	0	23	3	3	0	9
chrY	16354287	0	21	3	3	6	6
chrY	16377691	9	9	3	3	0	14
chrY	16384156	0	20	3	3	4	4
chrY	16389604	0	18	3	3	4	4
chrY	16390480	10	10	4	4	0	19
chrY	16390481	10	10	4	4	0	19
chrY	16390486	10	10	4	4	0	19
chrY	16390487	10	10	4	4	0	19
chrY	16390491	10	10	4	4	0	18
chrY	16390492	10	10	4	4	0	17
chrY	16395596	0	25	5	5	0	16
chrY	16400375	0	23	6	6	0	14
chrY	16400587	0	20	6	6	0	18
chrY	16405558	10	10	6	6	0	11
chrY	16417497	8	8	4	4	0	9
chrY	16425434	8	8	4	4	0	12
chrY	16430105	0	19	4	4	9	9
chrY	16430727	9	9	4	4	0	11
chrY	16432085	0	20	4	4	0	15
chrY	16433418	7	7	4	4	0	13
chrY	16435976	7	7	4	4	0	14
chrY	16454710	0	23	4	4	5	5
chrY	16455596	0	21	0	14	0	12
chrY	16461455	0	24	5	5	0	15
chrY	16463131	1	35	0	21	1	21
chrY	16463820	12	12	6	6	0	18
chrY	16464320	0	13	6	6	4	4
chrY	16473324	7	7	4	4	0	10
chrY	16481517	7	7	3	3	0	13
chrY	16483876	7	7	3	3	0	11
chrY	16487841	0	10	3	3	0	8
chrY	16492438	0	19	3	3	5	5
chrY	16510886	0	20	3	3	7	7
chrY	16517437	0	18	4	4	5	5
chrY	16518038	14	14	4	4	0	14
chrY	16518485	0	27	4	4	6	6
chrY	16520885	0	19	4	4	6	6
chrY	16521674	9	9	0	12	6	6
chrY	16527036	0	18	4	4	6	6
chrY	16527454	13	13	4	4	0	13
chrY	16528175	13	13	4	4	0	14
chrY	16531937	9	9	4	4	0	22
chrY	16535452	9	9	0	16	5	5
chrY	16550530	0	24	5	5	6	6
chrY	16552710	10	10	4	4	0	13
chrY	16557293	10	10	4	4	0	18
chrY	16576297	8	8	3	3	0	13
chrY	16576788	0	25	3	3	7	7
chrY	16584563	0	25	5	5	0	14
chrY	16590675	8	8	5	5	0	19
chrY	16598754	0	29	7	7	5	5
chrY	16607785	0	17	0	14	0	12
chrY	16608123	0	14	7	7	5	5
chrY	16608669	10	10	7	7	0	22
chrY	16610645	0	19	0	7	0	13
chrY	16610679	0	29	5	5	6	6
chrY	16615836	6	6	5	5	0	18
chrY	16622065	0	21	5	5	0	10
chrY	16622165	0	26	5	5	0	14
chrY	16634560	0	31	6	6	5	5
chrY	16637146	12	12	6	6	0	16
chrY	16638591	0	30	4	4	6	6
chrY	16644753	9	9	4	4	0	13
chrY	16649978	9	9	4	4	0	13
chrY	16651083	0	13	4	4	0	27
chrY	16659664	0	23	4	4	0	13
chrY	16662364	9	9	3	3	0	16
chrY	16675803	0	21	3	3	5	5
chrY	16680150	0	15	3	3	5	5
chrY	16686418	8	8	3	3	0	8
chrY	16701704	8	8	3	3	0	21
chrY	16705513	0	30	3	3	0	9
chrY	16712114	10	10	0	21	4	4
chrY	16724684	0	18	6	6	5	5
chrY	16727349	0	22	6	6	3	3
chrY	16732095	0	20	0	15	0	17
chrY	16736730	0	12	4	4	5	5
chrY	16740086	0	14	4	4	0	19
chrY	16748225	1	21	4	4	3	3
chrY	16748624	0	25	4	4	3	3
chrY	16751624	9	9	4	4	0	17
chrY	16756100	10	10	4	4	0	3
chrY	16758261	0	14	4	4	3	3
chrY	16771767	8	8	0	17	3	3
chrY	16781275	0	17	4	4	3	3
chrY	16785791	3	3	3	3	4	10
chrY	16790830	0	30	5	5	0	10
chrY	16794426	11	11	5	5	0	25
chrY	16795484	14	14	3	3	0	19
chrY	16796657	0	25	3	3	6	6
chrY	16812107	0	25	4	4	4	4
chrY	16818554	8	8	4	4	0	15
chrY	16821434	0	22	4	4	7	7
chrY	16821603	0	21	4	4	0	17
chrY	16823240	0	23	4	4	6	6
chrY	16826420	0	21	4	4	0	14
chrY	16826673	0	17	4	4	0	18
chrY	16827332	6	6	4	4	0	16
chrY	16832454	8	8	4	4	0	21
chrY	16836357	8	8	5	5	0	9
chrY	16837441	0	8	5	5	7	7
chrY	16842055	0	16	5	5	4	4
chrY	16845985	3	3	5	5	0	13
chrY	16850976	8	8	3	3	0	22
chrY	16859044	0	26	3	3	0	13
chrY	16860826	0	22	3	3	4	4
chrY	16873212	7	7	6	6	0	9
chrY	16878152	7	7	4	4	0	13
chrY	16878794	0	33	4	4	0	13
chrY	16890007	0	22	3	3	6	6
chrY	16891031	0	24	3	3	6	6
chrY	16891922	9	9	3	3	0	19
chrY	16897234	0	24	0	19	0	13
chrY	16897770	6	6	5	5	0	11
chrY	16904224	0	15	5	5	5	5
chrY	16911269	0	27	5	5	7	7
chrY	16911866	0	20	5	5	7	7
chrY	16912987	7	7	5	5	0	15
chrY	16913331	7	7	5	5	0	22
chrY	16916273	7	7	5	5	0	19
chrY	16926541	10	10	4	4	0	16
chrY	16932496	0	24	4	4	5	5
chrY	16944255	0	5	0	9	0	13
chrY	16944259	0	5	9	9	0	13
chrY	16944599	0	19	0	12	0	13
chrY	16946070	9	9	6	6	0	8
chrY	16952002	0	8	6	6	7	7
chrY	16953861	8	8	0	9	7	7
chrY	16962067	0	28	5	5	7	7
chrY	16972754	10	10	5	5	0	8
chrY	16975109	0	17	5	5	8	8
chrY	16976466	7	7	5	5	0	15
chrY	16978175	7	7	5	5	0	11
chrY	17000850	4	4	4	4	0	22
chrY	17022857	12	12	4	4	0	11
chrY	17024255	0	27	4	4	0	16
chrY	17028156	0	18	4	4	0	18
chrY	17043358	0	23	4	4	4	4
chrY	17044569	8	8	4	4	0	15
chrY	17051688	0	15	4	4	0	12
chrY	17056216	10	10	4	4	0	15
chrY	17128552	3	3	4	4	2	5
chrY	17147922	3	3	0	2	0	0
chrY	17148913	6	6	2	2	0	3
chrY	17176423	0	20	4	4	3	3
chrY	17179330	0	21	4	4	3	3
chrY	17185231	10	10	4	4	0	12
chrY	17185794	0	23	4	4	0	15
chrY	17188502	0	16	7	7	7	7
chrY	17189322	0	22	7	7	7	7
chrY	17190820	9	9	5	5	0	14
chrY	17191445	9	9	5	5	0	6
chrY	17195056	0	17	5	5	0	17
chrY	17198015	9	9	5	5	0	11
chrY	17202284	0	10	5	5	4	4
chrY	17203608	0	21	5	5	4	4
chrY	17205472	0	16	3	3	0	13
chrY	17212872	9	9	3	3	0	16
chrY	17222336	3	3	3	3	0	10
chrY	17249542	0	5	5	5	0	5
chrY	17249544	0	5	5	5	0	5
chrY	17312815	3	3	5	5	0	2
chrY	17312872	3	3	5	5	0	3
chrY	17313788	0	7	3	3	0	8
chrY	17318781	0	5	1	1	3	3
chrY	17332966	3	3	4	4	0	15
chrY	17347029	0	15	5	5	0	12
chrY	17355713	5	5	5	5	0	8
chrY	17358153	5	5	5	5	0	21
chrY	17361841	0	18	4	4	0	18
chrY	17367915	10	10	3	3	0	20
chrY	17369503	0	16	3	3	0	13
chrY	17373148	11	11	3	3	0	23
chrY	17379223	0	34	3	3	6	6
chrY	17383318	0	16	3	3	0	24
chrY	17384371	7	7	3	3	0	21
chrY	17391511	7	7	3	3	0	16
chrY	17393949	7	7	3	3	0	18
chrY	17395938	7	7	3	3	0	15
chrY	17406308	0	18	3	3	6	6
chrY	17407425	0	14	3	3	1	7
chrY	17412260	0	17	4	4	7	7
chrY	17413841	6	6	4	4	0	19
chrY	17426482	11	11	4	4	0	15
chrY	17426558	0	21	0	13	0	14
chrY	17427749	0	18	5	5	0	18
chrY	17433683	9	9	0	1	0	5
chrY	17441811	0	20	5	5	5	5
chrY	17446011	0	20	5	5	0	18
chrY	17451152	0	22	5	5	5	5
chrY	17454735	0	24	5	5	0	13
chrY	17457320	7	7	5	5	0	18
chrY	17470263	0	16	0	18	0	20
chrY	17482351	11	11	5	5	0	7
chrY	17484905	0	24	0	13	0	15
chrY	17485649	0	15	4	4	7	7
chrY	17489837	0	24	4	4	0	19
chrY	17497179	5	5	4	4	0	21
chrY	17513004	0	21	3	3	0	16
chrY	17514243	0	21	4	4	5	5
chrY	17514706	0	23	4	4	5	5
chrY	17529646	0	17	0	21	0	14
chrY	17531538	10	10	5	5	0	15
chrY	17533505	0	10	5	5	0	9
chrY	17534506	11	11	5	5	0	11
chrY	17539146	0	19	5	5	6	6
chrY	17560304	7	7	5	5	0	10
chrY	17564329	0	26	5	5	0	18
chrY	17568160	0	14	5	5	0	6
chrY	17571284	7	7	5	5	0	14
chrY	17589632	0	22	5	5	0	16
chrY	17590338	0	18	5	5	6	6
chrY	17591852	8	8	5	5	0	17
chrY	17595936	0	28	5	5	7	7
chrY	17596562	0	26	5	5	7	7
chrY	17599600	0	11	5	5	0	11
chrY	17612532	8	8	5	5	0	19
chrY	17613457	7	7	5	5	0	18
chrY	17625728	0	20	3	3	5	5
chrY	17630556	9	9	3	3	0	18
chrY	17655181	8	8	3	3	0	19
chrY	17659943	0	21	3	3	6	6
chrY	17666312	4	20	7	7	6	6
chrY	17667142	0	21	0	14	0	12
chrY	17668499	8	8	4	4	0	17
chrY	17675207	8	8	4	4	0	13
chrY	17688787	12	12	3	3	0	16
chrY	17699474	10	10	3	3	0	17
chrY	17701872	0	15	3	3	8	8
chrY	17702563	8	8	3	3	0	12
chrY	17709075	0	17	3	3	5	5
chrY	17719956	12	12	7	7	0	17
chrY	17728786	0	14	4	4	0	10
chrY	17734960	8	8	4	4	0	20
chrY	17745445	0	18	4	4	0	20
chrY	17745557	7	7	4	4	0	18
chrY	17756891	12	12	6	6	0	16
chrY	17758892	0	14	6	6	5	5
chrY	17763276	10	10	5	5	0	11
chrY	17777429	0	22	0	5	0	11
chrY	17780711	0	16	4	4	4	4
chrY	17795736	7	7	4	4	0	11
chrY	17795741	7	7	4	4	0	12
chrY	17807312	0	12	4	4	0	15
chrY	17808228	10	10	4	4	0	18
chrY	17810471	0	20	0	16	0	12
chrY	17811205	12	12	5	5	0	19
chrY	17812948	0	19	5	5	6	6
chrY	17814968	0	13	5	5	7	7
chrY	17820278	7	7	5	5	0	13
chrY	17822869	0	10	0	18	0	9
chrY	17824606	0	19	4	4	7	7
chrY	17827165	0	16	4	4	0	14
chrY	17832926	0	20	4	4	0	15
chrY	17833920	0	27	4	4	0	20
chrY	17834680	9	9	4	4	0	21
chrY	17838720	0	30	4	4	0	26
chrY	17840176	0	16	3	3	5	5
chrY	17843020	10	10	0	11	0	13
chrY	17847969	10	10	4	4	0	23
chrY	17849518	0	21	4	4	7	7
chrY	17853005	13	13	4	4	0	16
chrY	17853379	0	23	4	4	0	21
chrY	17855978	0	23	4	4	6	6
chrY	17856155	10	10	4	4	0	19
chrY	17862098	0	30	4	4	4	4
chrY	17867717	8	8	4	4	0	15
chrY	17872001	8	8	4	4	0	20
chrY	17877621	8	8	4	4	0	23
chrY	17889892	0	20	4	4	6	6
chrY	17892954	7	7	0	16	4	4
chrY	17911873	0	18	4	4	0	15
chrY	17918346	8	8	4	4	0	19
chrY	17919010	8	8	0	24	7	7
chrY	17922265	0	5	9	9	4	4
chrY	17922289	0	11	9	9	0	7
chrY	17922363	0	12	0	13	0	10
chrY	17931440	0	13	0	9	0	12
chrY	17932970	11	11	0	7	6	6
chrY	17938992	0	32	3	3	7	7
chrY	17960271	0	15	0	11	0	11
chrY	17960526	11	11	4	4	0	11
chrY	17961479	0	22	4	4	0	23
chrY	17964563	4	4	4	4	0	21
chrY	17970682	0	19	3	3	7	7
chrY	17971365	6	6	3	3	0	8
chrY	17972229	6	6	3	3	0	8
chrY	17973953	0	27	3	3	0	11
chrY	17974158	0	27	3	3	6	6
chrY	17974224	0	31	3	3	6	6
chrY	17977033	6	6	3	3	0	10
chrY	17982277	6	6	8	8	0	9
chrY	17988929	0	28	4	4	0	15
chrY	17992825	0	21	4	4	5	5
chrY	17993484	8	8	0	19	5	5
chrY	17999168	0	27	0	24	0	15
chrY	18000427	11	11	8	8	0	13
chrY	18005244	0	17	4	4	4	4
chrY	18007723	0	20	4	4	0	10
chrY	18015082	7	7	4	4	0	13
chrY	18021930	7	7	4	4	0	18
chrY	18029115	9	9	5	5	0	21
chrY	18031076	9	9	5	5	0	13
chrY	18031722	9	9	5	5	0	13
chrY	18033140	9	9	5	5	0	16
chrY	18040050	0	12	4	4	7	7
chrY	18041194	0	18	4	4	7	7
chrY	18061981	0	24	3	3	4	4
chrY	18067071	9	9	3	3	0	12
chrY	18079691	8	8	4	4	0	13
chrY	18085996	0	17	4	4	6	6
chrY	18086643	0	16	4	4	0	20
chrY	18092958	0	24	7	7	3	3
chrY	18097745	0	19	3	3	3	3
chrY	18104104	0	2	3	3	0	4
chrY	18110631	0	22	3	3	3	3
chrY	18119576	0	17	5	5	0	14
chrY	18121972	0	21	5	5	4	4
chrY	18122147	10	10	5	5	0	16
chrY	18124326	10	10	5	5	0	16
chrY	18125665	0	20	5	5	0	15
chrY	18129406	0	21	5	5	0	17
chrY	18132922	12	12	5	5	0	17
chrY	18144254	8	8	5	5	0	18
chrY	18152950	8	8	0	14	7	7
chrY	18154835	0	14	4	4	8	8
chrY	18156137	10	10	4	4	0	16
chrY	18165559	10	10	4	4	0	7
chrY	18170309	8	8	4	4	0	18
chrY	18170829	8	8	4	4	0	20
chrY	18173756	10	10	3	3	0	20
chrY	18178265	0	17	3	3	0	22
chrY	18197089	6	6	6	6	0	17
chrY	18206621	0	12	0	11	0	6
chrY	18209550	10	10	5	5	0	13
chrY	18211856	0	19	5	5	9	9
chrY	18212009	0	24	5	5	9	9
chrY	18212793	0	17	5	5	9	9
chrY	18220226	0	22	4	4	5	5
chrY	18222469	0	16	0	13	0	12
chrY	18224095	11	11	6	6	0	15
chrY	18228825	11	11	0	9	4	4
chrY	18231364	0	10	0	5	0	7
chrY	18231368	7	7	0	5	0	7
chrY	18231423	7	7	6	6	0	6
chrY	18232567	6	6	7	7	0	7
chrY	18234090	7	7	4	4	0	19
chrY	18254680	0	29	4	4	0	14
chrY	18256818	0	22	4	4	5	5
chrY	18257911	0	27	4	4	5	5
chrY	18284291	0	28	3	3	0	24
chrY	18294741	7	7	4	4	0	8
chrY	18299297	0	29	4	4	5	5
chrY	18303426	0	20	4	4	0	9
chrY	18304581	0	16	4	4	0	16
chrY	18322958	0	20	4	4	0	14
chrY	18324029	7	7	4	4	0	13
chrY	18335907	0	19	4	4	0	13
chrY	18353384	0	15	0	9	0	12
chrY	18356704	3	3	3	3	0	14
chrY	18356722	3	3	3	3	0	12
chrY	18356855	3	3	3	3	0	11
chrY	18370604	0	0	0	0	0	1
chrY	18439878	3	3	3	3	0	8
chrY	18758507	3	3	5	5	0	3
chrY	18762138	3	3	4	4	0	22
chrY	18776432	4	4	0	2	3	3
chrY	18795026	0	16	3	3	0	0
chrY	18862379	0	5	2	2	1	1
chrY	18942928	0	2	3	3	0	0
chrY	18946035	0	3	1	1	3	3
chrY	18960566	0	6	4	4	5	5
chrY	18988151	4	4	3	3	0	6
chrY	19005348	3	3	0	0	0	17
chrY	19024750	0	12	0	6	5	5
chrY	19079888	1	1	2	2	0	2
chrY	19122362	4	4	4	4	0	8
chrY	19183040	3	3	1	1	0	4
chrY	19203586	1	8	0	0	0	0
chrY	19348232	5	13	3	3	3	3
chrY	19348417	5	5	3	3	0	3
chrY	19348421	5	5	3	3	0	3
chrY	19359434	3	11	2	2	3	3
chrY	19413872	0	26	5	5	0	0
chrY	19555898	0	28	4	4	4	4
chrY	19556819	0	21	4	4	4	4
chrY	19560041	4	4	0	6	5	5
chrY	19573378	0	26	3	3	8	8
chrY	19580527	0	13	4	4	0	17
chrY	19582136	0	28	4	4	5	5
chrY	19582807	0	25	4	4	5	5
chrY	19703904	0	3	3	3	3	3
chrY	19756094	0	6	3	3	1	1
chrY	19776165	1	1	0	2	0	2
chrY	19785454	0	22	3	3	0	21
chrY	19802544	0	18	0	13	0	14
chrY	19813022	7	7	3	3	0	6
chrY	19825322	7	7	4	4	0	17
chrY	19828035	7	7	4	4	0	14
chrY	19830829	11	11	5	5	0	8
chrY	19831541	11	11	5	5	0	14
chrY	19836813	11	11	5	5	0	15
chrY	19839334	0	15	5	5	0	11
chrY	19842465	0	23	3	3	0	11
chrY	19851436	0	18	6	6	0	16
chrY	19854771	7	7	4	4	0	12
chrY	19862505	0	20	4	4	6	6
chrY	19866182	16	16	4	4	0	17
chrY	19866605	0	22	4	4	7	7
chrY	19878984	0	25	5	5	0	18
chrY	19879591	7	7	5	5	0	14
chrY	19884016	0	15	6	6	5	5
chrY	19889048	0	25	6	6	0	17
chrY	19889049	0	25	6	6	0	17
chrY	19889050	0	25	6	6	0	17
chrY	19891953	12	12	6	6	0	24
chrY	19892967	0	16	6	6	0	13
chrY	19903673	0	19	5	5	6	6
chrY	19907549	10	10	0	7	6	6
chrY	19910976	0	27	6	6	6	6
chrY	19921698	1	26	5	5	5	5
chrY	19928261	0	19	5	5	5	5
chrY	19937525	11	11	5	5	0	16
chrY	19939725	0	20	5	5	0	20
chrY	19945244	8	8	5	5	0	15
chrY	19946168	8	8	5	5	0	21
chrY	19955417	0	16	5	5	0	17
chrY	19964062	0	21	5	5	7	7
chrY	19965360	0	23	5	5	0	10
chrY	19967487	0	21	5	5	7	7
chrY	19970386	0	19	4	4	0	14
chrY	19972039	8	8	8	8	0	10
chrY	19993804	0	22	6	6	0	27
chrY	20000836	7	7	4	4	0	9
chrY	20006568	0	19	4	4	0	14
chrY	20007646	0	21	3	3	6	6
chrY	20008825	0	9	3	3	0	15
chrY	20014698	0	27	3	3	0	17
chrY	20019583	0	19	3	3	0	19
chrY	20026509	0	25	3	3	0	21
chrY	20027088	11	11	3	3	0	9
chrY	20029425	0	23	0	23	0	23
chrY	20035323	0	22	5	5	0	17
chrY	20042856	0	26	5	5	5	5
chrY	20050932	11	11	5	5	0	15
chrY	20051667	10	10	0	10	6	6
chrY	20056681	0	22	5	5	6	6
chrY	20059321	12	12	5	5	0	20
chrY	20065890	0	19	5	5	0	19
chrY	20067903	9	9	5	5	0	17
chrY	20073703	0	20	5	5	0	22
chrY	20076247	10	10	5	5	0	19
chrY	20082271	0	19	5	5	0	10
chrY	20083124	4	4	0	21	7	7
chrY	20095444	0	21	4	4	0	10
chrY	20101325	0	26	0	24	0	15
chrY	20103167	0	19	4	4	8	8
chrY	20104628	5	5	4	4	0	10
chrY	20107314	5	5	4	4	0	15
chrY	20112821	0	26	0	16	0	14
chrY	20121559	7	7	4	4	0	13
chrY	20121658	7	7	4	4	0	16
chrY	20123442	0	16	4	4	0	14
chrY	20130343	10	10	4	4	0	13
chrY	20133179	0	28	4	4	0	18
chrY	20133416	0	21	4	4	0	12
chrY	20134451	0	25	4	4	0	17
chrY	20136406	0	15	0	11	0	12
chrY	20143198	9	9	7	7	0	13
chrY	20146190	9	9	7	7	0	14
chrY	20151691	0	29	7	7	0	18
chrY	20152663	11	11	7	7	0	20
chrY	20154322	0	22	7	7	8	8
chrY	20155456	0	26	7	7	8	8
chrY	20162938	11	11	0	16	5	5
chrY	20165592	0	22	0	15	0	20
chrY	20169995	7	7	4	4	0	6
chrY	20170141	7	7	0	6	4	4
chrY	20171524	7	7	0	12	4	4
chrY	20192462	0	19	5	5	4	4
chrY	20198169	7	7	5	5	0	17
chrY	20201502	0	26	5	5	9	9
chrY	20201809	0	24	0	17	0	18
chrY	20203354	10	10	6	6	0	12
chrY	20205821	0	18	6	6	0	16
chrY	20207899	0	14	0	13	0	15
chrY	20212516	10	10	0	19	7	7
chrY	20213228	10	10	6	6	0	15
chrY	20219038	0	18	6	6	4	4
chrY	20221547	0	30	6	6	4	4
chrY	20222448	0	12	0	12	0	7
chrY	20240645	0	20	5	5	0	16
chrY	20241515	7	7	5	5	0	16
chrY	20241618	7	7	5	5	0	20
chrY	20244522	0	29	5	5	7	7
chrY	20250296	4	4	4	4	0	16
chrY	20251946	0	21	4	4	4	4
chrY	20253088	0	29	4	4	0	23
chrY	20258260	0	22	4	4	5	5
chrY	20261424	0	25	4	4	5	5
chrY	20272908	0	17	4	4	5	5
chrY	20278047	0	27	4	4	0	16
chrY	20283740	0	17	4	4	0	13
chrY	20285639	7	7	4	4	0	19
chrY	20285640	7	7	4	4	0	19
chrY	20286166	7	7	4	4	0	20
chrY	20292439	7	7	4	4	0	13
chrY	20294678	7	7	4	4	0	11
chrY	20296404	7	7	0	9	0	14
chrY	20296533	0	12	7	7	6	6
chrY	20299156	0	22	8	8	3	3
chrY	20302986	0	25	8	8	5	5
chrY	20303359	9	9	0	12	5	5
chrY	20304833	0	19	5	5	6	6
chrY	20310651	7	7	5	5	0	21
chrY	20312621	7	7	5	5	0	16
chrY	20315665	0	32	5	5	7	7
chrY	20316586	6	6	5	5	0	18
chrY	20320744	12	12	5	5	0	22
chrY	20325757	0	23	5	5	4	4
chrY	20326831	9	9	5	5	0	15
chrY	20327044	9	9	5	5	0	17
chrY	20332616	7	7	5	5	0	25
chrY	20334228	7	7	5	5	0	19
chrY	20336480	0	20	0	11	0	21
chrY	20342206	0	23	5	5	0	12
chrY	20344083	9	9	5	5	0	13
chrY	20347856	0	20	5	5	6	6
chrY	20355527	8	8	8	8	0	17
chrY	20356863	8	8	8	8	0	10
chrY	20357592	0	20	0	18	0	15
chrY	20363279	9	9	6	6	0	13
chrY	20363552	9	9	6	6	0	13
chrY	20364712	9	9	6	6	0	15
chrY	20373670	0	29	0	13	0	15
chrY	20378462	0	20	0	17	0	22
chrY	20391388	4	4	4	4	0	12
chrY	20396347	4	4	4	4	0	10
chrY	20396962	4	4	4	4	0	23
chrY	20399643	4	4	4	4	0	21
chrY	20405945	4	4	4	4	0	17
chrY	20406354	0	29	4	4	7	7
chrY	20413797	0	20	5	5	0	10
chrY	20415584	9	9	0	6	5	5
chrY	20417116	9	9	4	4	0	7
chrY	20426777	0	30	4	4	0	17
chrY	20432663	10	10	0	9	0	3
chrY	20432974	10	10	5	5	0	16
chrY	20444941	7	7	5	5	0	19
chrY	20461882	9	9	6	6	0	21
chrY	20474931	0	18	6	6	6	6
chrY	20476457	0	31	0	13	0	11
chrY	20488595	0	14	3	3	0	19
chrY	20491781	3	3	3	3	0	18
chrY	20505736	9	9	3	3	0	5
chrY	20505953	0	16	3	3	3	3
chrY	20513080	12	12	3	3	0	23
chrY	20515012	0	24	0	13	0	14
chrY	20523674	7	7	4	4	0	14
chrY	20528962	0	20	4	4	6	6
chrY	20532599	9	9	4	4	0	15
chrY	20537004	9	9	4	4	0	11
chrY	20540549	9	9	4	4	0	15
chrY	20541226	9	9	4	4	0	10
chrY	20546398	0	20	4	4	6	6
chrY	20548489	10	10	4	4	0	11
chrY	20549111	0	18	4	4	5	5
chrY	20555784	0	24	4	4	5	5
chrY	20555952	6	6	4	4	0	17
chrY	20568234	0	4	4	4	0	5
chrY	20570530	8	8	0	19	6	6
chrY	20573071	13	13	4	4	0	9
chrY	20574071	0	18	4	4	6	6
chrY	20578780	0	23	4	4	0	10
chrY	20587766	0	17	4	4	3	3
chrY	20593441	0	24	7	7	3	3
chrY	20593908	10	10	0	19	3	3
chrY	20598354	0	3	12	12	0	4
chrY	20598443	10	10	7	7	0	11
chrY	20599356	10	10	0	24	4	4
chrY	20603442	0	16	5	5	0	18
chrY	20612451	0	22	6	6	4	4
chrY	20618287	0	16	6	6	0	24
chrY	20625516	9	9	6	6	0	25
chrY	20634431	0	13	6	6	6	6
chrY	20638294	8	8	0	16	6	6
chrY	20661977	8	8	3	3	0	15
chrY	20662496	0	20	3	3	6	6
chrY	20668403	0	21	5	5	0	15
chrY	20673616	10	10	5	5	0	15
chrY	20682235	5	5	6	6	0	15
chrY	20689233	0	19	4	4	0	15
chrY	20692128	5	5	4	4	0	17
chrY	20694741	5	5	4	4	0	17
chrY	20710510	0	17	4	4	5	5
chrY	20714282	0	25	4	4	0	20
chrY	20715878	0	16	0	18	0	18
chrY	20728491	0	26	5	5	6	6
chrY	20731486	0	20	5	5	0	7
chrY	20734921	0	21	5	5	6	6
chrY	20738507	0	22	6	6	7	7
chrY	20740635	0	15	6	6	7	7
chrY	20744557	5	5	0	18	5	5
chrY	20748433	0	14	3	3	5	5
chrY	20759395	6	6	6	6	0	9
chrY	20767380	0	19	4	4	0	15
chrY	20783414	8	8	4	4	0	15
chrY	20784883	0	15	4	4	4	4
chrY	20791949	14	14	4	4	0	21
chrY	20807955	10	10	4	4	0	16
chrY	20816998	0	22	4	4	5	5
chrY	20830917	0	22	4	4	0	15
chrY	20839147	0	28	4	4	5	5
chrY	20843599	10	10	4	4	0	14
chrY	20844295	0	20	0	12	0	15
chrY	20852757	6	6	4	4	0	12
chrY	20858026	6	6	4	4	0	13
chrY	20860544	6	6	4	4	0	19
chrY	20863432	0	14	4	4	0	15
chrY	20874759	0	18	0	13	0	21
chrY	20895996	0	16	4	4	7	7
chrY	20898509	0	20	4	4	0	25
chrY	20901149	11	11	4	4	0	10
chrY	20901962	0	17	4	4	6	6
chrY	20902661	11	11	4	4	0	14
chrY	20902912	11	11	4	4	0	15
chrY	20909091	0	25	4	4	5	5
chrY	20917611	0	16	5	5	0	16
chrY	20921504	8	8	5	5	0	12
chrY	20926072	7	7	4	4	0	12
chrY	20930329	7	7	4	4	0	14
chrY	20932133	10	10	6	6	0	13
chrY	20935021	0	18	6	6	4	4
chrY	20937949	8	8	6	6	0	15
chrY	20943707	8	8	3	3	0	21
chrY	20945434	0	25	3	3	6	6
chrY	20950011	11	11	3	3	0	23
chrY	20951030	11	11	3	3	0	9
chrY	20953059	0	24	3	3	7	7
chrY	20954935	1	27	3	3	8	8
chrY	20959909	9	9	3	3	0	10
chrY	20963319	9	9	3	3	0	11
chrY	20963482	9	9	3	3	0	14
chrY	20964617	0	18	3	3	0	11
chrY	20965200	7	7	3	3	0	19
chrY	20965804	0	7	3	3	0	4
chrY	20966669	6	6	3	3	0	9
chrY	20966709	2	21	3	3	9	9
chrY	20992457	6	6	3	3	0	11
chrY	20996532	3	3	0	10	0	0
chrY	21011853	0	15	5	5	7	7
chrY	21012087	9	9	0	20	7	7
chrY	21012336	9	9	9	9	0	16
chrY	21014127	9	9	9	9	0	16
chrY	21014491	0	23	9	9	0	8
chrY	21014873	10	10	9	9	0	8
chrY	21014969	10	10	9	9	0	18
chrY	21016185	0	14	9	9	0	12
chrY	21016473	0	15	0	10	0	16
chrY	21018132	0	16	5	5	0	25
chrY	21018418	14	14	5	5	0	23
chrY	21018518	0	19	5	5	10	10
chrY	21018932	6	6	5	5	0	15
chrY	21022140	6	6	5	5	0	8
chrY	21022167	6	6	5	5	0	8
chrY	21022370	0	26	5	5	3	3
chrY	21023060	9	9	5	5	0	10
chrY	21023503	0	25	5	5	0	12
chrY	21023514	12	26	5	5	6	6
chrY	21026765	23	60	5	5	6	6
chrY	21026982	53	53	5	5	0	14
chrY	21027024	21	72	5	5	9	9
chrY	21027110	7	74	5	5	0	9
chrY	21027114	5	74	5	5	0	11
chrY	21027308	12	57	5	5	8	8
chrY	21027844	41	41	5	5	0	11
chrY	21029424	0	55	5	5	0	14
chrY	21030047	51	51	5	5	0	9
chrY	21030257	0	68	5	5	0	16
chrY	21030596	41	41	5	5	0	14
chrY	21031781	41	41	5	5	0	8
chrY	21031791	41	41	5	5	0	7
chrY	21031817	41	41	5	5	0	4
chrY	21031818	41	41	5	5	0	3
chrY	21031826	41	41	5	5	0	3
chrY	21032704	0	47	5	5	0	0
chrY	21033074	0	52	5	5	0	0
chrY	21033939	19	52	5	5	0	0
chrY	21035743	0	49	5	5	0	0
chrY	21038393	0	54	5	5	0	0
chrY	21039326	0	52	0	12	0	0
chrY	21041219	2	75	4	4	0	0
chrY	21042463	0	35	4	4	0	0
chrY	21045557	0	61	0	14	0	0
chrY	21046634	0	62	8	8	0	0
chrY	21081761	23	55	4	4	0	0
chrY	21083192	37	37	4	4	0	2
chrY	21083195	37	37	4	4	0	2
chrY	21083216	37	37	4	4	0	3
chrY	21083711	37	37	4	4	0	2
chrY	21083738	37	37	4	4	0	2
chrY	21084307	0	50	4	4	0	0
chrY	21085098	0	52	4	4	0	0
chrY	21093589	4	4	3	3	6	16
chrY	21094319	12	12	3	3	0	9
chrY	21094801	0	11	3	3	0	0
chrY	21095434	8	8	3	3	0	20
chrY	21095521	8	8	3	3	0	15
chrY	21096410	0	15	3	3	14	14
chrY	21096447	6	6	4	4	0	14
chrY	21098153	0	11	0	18	0	32
chrY	21098346	10	10	5	5	0	40
chrY	21099309	0	17	5	5	1	32
chrY	21099374	1	15	5	5	22	22
chrY	21099714	1	27	5	5	22	22
chrY	21100413	0	39	5	5	22	22
chrY	21100845	0	17	5	5	0	30
chrY	21101091	0	14	5	5	0	14
chrY	21101580	0	32	5	5	14	14
chrY	21101642	0	31	5	5	14	14
chrY	21102152	27	27	5	5	1	33
chrY	21102327	1	37	0	9	1	40
chrY	21103697	29	29	3	3	9	26
chrY	21104298	0	48	3	3	17	17
chrY	21104898	28	28	0	15	17	17
chrY	21105063	0	31	4	4	17	17
chrY	21106587	0	4	5	5	3	3
chrY	21106876	0	12	5	5	5	5
chrY	21107248	0	12	5	5	6	6
chrY	21108744	0	21	3	3	0	21
chrY	21108756	0	20	3	3	5	5
chrY	21109675	0	12	0	9	0	11
chrY	21111078	10	10	7	7	0	9
chrY	21111969	10	10	7	7	0	14
chrY	21112035	5	23	7	7	8	8
chrY	21112566	13	13	7	7	0	17
chrY	21112590	0	14	0	10	0	13
chrY	21113500	0	17	7	7	0	16
chrY	21114541	0	17	0	11	0	21
chrY	21115059	9	9	7	7	0	17
chrY	21117171	0	18	7	7	0	24
chrY	21117785	5	5	7	7	8	23
chrY	21118586	5	5	7	7	0	12
chrY	21118795	6	11	5	12	12	12
chrY	21118924	0	8	9	9	0	13
chrY	21120577	8	8	5	5	0	10
chrY	21120671	0	6	5	5	6	6
chrY	21120846	0	9	5	5	6	6
chrY	21120864	0	8	5	5	6	6
chrY	21120885	0	5	5	5	6	6
chrY	21121235	0	0	5	5	0	9
chrY	21121264	0	0	5	5	0	11
chrY	21121385	0	0	5	5	0	16
chrY	21121847	0	0	5	5	0	13
chrY	21123020	0	0	5	5	0	13
chrY	21123105	0	0	5	5	0	11
chrY	21123727	0	0	5	5	0	12
chrY	21124150	0	0	5	5	1	19
chrY	21124196	0	0	5	5	0	19
chrY	21124599	0	0	5	5	0	23
chrY	21124611	0	0	5	5	0	20
chrY	21125096	2	2	5	5	0	19
chrY	21126124	0	0	5	5	0	17
chrY	21126581	0	0	5	5	0	15
chrY	21128032	0	17	5	5	0	16
chrY	21128516	12	12	0	12	8	8
chrY	21129501	0	17	6	6	0	10
chrY	21129646	10	10	6	6	0	15
chrY	21129880	0	14	6	6	0	8
chrY	21130337	10	10	6	6	0	12
chrY	21130943	10	10	6	6	0	19
chrY	21131534	0	19	0	15	0	15
chrY	21132077	14	14	5	5	2	9
chrY	21132396	14	14	5	5	0	15
chrY	21133348	0	18	0	11	0	22
chrY	21133498	16	16	8	8	0	15
chrY	21133813	0	27	8	8	0	17
chrY	21134355	0	17	8	8	6	6
chrY	21134829	8	8	8	8	0	8
chrY	21135446	0	6	0	21	0	14
chrY	21135959	6	6	6	6	0	11
chrY	21136906	0	33	6	6	0	21
chrY	21137791	0	15	6	6	9	9
chrY	21138000	13	13	6	6	0	19
chrY	21138996	13	13	6	6	0	12
chrY	21139128	13	13	0	15	9	9
chrY	21139248	0	19	4	4	0	20
chrY	21139431	13	13	4	4	0	16
chrY	21139432	13	13	4	4	0	16
chrY	21139901	0	20	4	4	0	20
chrY	21140043	0	25	4	4	0	17
chrY	21140602	8	8	4	4	12	34
chrY	21141006	8	8	4	4	12	30
chrY	21141332	8	8	4	4	0	34
chrY	21141519	2	29	4	4	24	24
chrY	21142012	10	10	4	4	0	28
chrY	21142343	10	10	4	4	0	26
chrY	21184975	0	36	7	7	0	11
chrY	21185226	28	28	7	7	0	11
chrY	21186185	0	41	0	9	0	20
chrY	21186670	10	10	4	4	0	15
chrY	21186815	0	9	4	4	7	7
chrY	21186818	0	8	4	4	7	7
chrY	21187243	8	8	4	4	0	13
chrY	21187800	0	43	4	4	0	23
chrY	21188468	0	31	4	4	0	9
chrY	21188845	0	4	4	4	0	3
chrY	21188875	4	4	4	4	0	4
chrY	21189775	0	3	4	4	7	7
chrY	21189794	0	3	4	4	7	7
chrY	21189822	0	7	4	4	7	7
chrY	21190328	0	15	0	19	0	16
chrY	21191997	0	13	3	3	3	3
chrY	21192288	9	9	3	3	0	1
chrY	21192289	9	9	3	3	0	1
chrY	21192290	9	9	3	3	0	1
chrY	21192293	9	9	3	3	0	1
chrY	21192298	9	9	3	3	0	1
chrY	21192805	9	9	3	3	0	3
chrY	21192847	9	9	3	3	0	3
chrY	21193007	26	26	3	3	0	4
chrY	21193190	1	17	3	3	0	0
chrY	21193836	16	16	3	3	0	8
chrY	21193839	16	16	3	3	0	8
chrY	21193863	0	22	3	3	9	9
chrY	21193942	10	10	3	3	0	16
chrY	21194469	10	10	3	3	0	16
chrY	21195008	1	12	3	3	9	9
chrY	21195633	16	48	3	3	14	14
chrY	21195956	19	54	3	3	14	14
chrY	21196123	27	64	3	3	14	14
chrY	21196185	25	60	3	3	14	14
chrY	21196216	22	57	3	3	25	25
chrY	21196440	21	57	3	3	22	22
chrY	21196622	14	54	3	3	9	24
chrY	21196755	22	57	3	3	8	23
chrY	21196904	23	63	3	3	14	14
chrY	21196992	0	64	3	3	0	21
chrY	21197066	23	52	3	3	11	11
chrY	21197641	0	28	0	14	0	28
chrY	21198676	0	0	5	5	0	10
chrY	21199093	0	8	5	5	5	5
chrY	21199136	0	17	5	5	5	5
chrY	21199716	0	42	5	5	0	13
chrY	21200232	28	28	5	5	0	14
chrY	21200800	0	39	5	5	0	10
chrY	21201431	10	10	5	5	0	20
chrY	21202195	10	10	5	5	0	19
chrY	21202393	10	10	5	5	0	16
chrY	21202891	0	12	0	22	0	18
chrY	21203063	0	8	7	7	5	5
chrY	21203075	0	7	7	7	5	5
chrY	21203077	0	7	7	7	5	5
chrY	21203103	0	5	7	7	5	5
chrY	21203104	0	5	7	7	5	5
chrY	21203105	0	5	7	7	5	5
chrY	21203122	0	3	7	7	5	5
chrY	21203958	0	16	0	13	0	13
chrY	21204474	0	15	6	6	8	8
chrY	21204758	0	17	0	11	0	8
chrY	21208883	0	21	0	11	0	17
chrY	21209046	0	12	14	14	0	9
chrY	21209096	11	11	0	24	9	9
chrY	21209097	11	11	8	8	0	10
chrY	21209188	11	11	8	8	0	19
chrY	21209387	11	11	8	8	0	6
chrY	21209403	11	11	8	8	0	3
chrY	21209418	11	11	8	8	0	2
chrY	21209516	0	18	8	8	0	0
chrY	21209974	11	11	8	8	0	8
chrY	21210018	0	10	8	8	0	10
chrY	21210041	9	9	8	8	0	12
chrY	21210078	1	13	8	8	9	9
chrY	21210209	0	10	0	9	0	9
chrY	21211028	9	9	7	7	0	13
chrY	21211521	9	9	0	9	7	7
chrY	21213450	0	24	6	6	7	7
chrY	21213730	0	15	6	6	7	7
chrY	21214512	12	12	6	6	0	8
chrY	21214567	0	11	6	6	0	11
chrY	21215514	7	7	6	6	0	13
chrY	21216147	0	20	6	6	0	18
chrY	21217027	0	17	6	6	12	12
chrY	21217162	0	20	0	21	0	17
chrY	21217542	1	18	5	5	4	4
chrY	21219709	0	14	5	5	6	6
chrY	21220119	6	6	5	5	0	22
chrY	21220334	0	13	5	5	0	12
chrY	21223417	8	8	5	5	0	21
chrY	21223455	8	8	5	5	0	24
chrY	21224277	1	25	5	5	9	9
chrY	21224496	9	9	0	16	9	9
chrY	21226445	9	9	5	5	0	16
chrY	21227409	0	19	5	5	4	4
chrY	21235088	6	6	5	5	0	12
chrY	21235417	6	6	5	5	0	16
chrY	21243343	0	22	0	25	0	18
chrY	21244158	0	24	5	5	13	13
chrY	21244367	0	21	5	5	0	21
chrY	21247711	8	8	0	14	4	4
chrY	21248619	0	17	7	7	4	4
chrY	21249887	0	30	0	18	0	19
chrY	21250693	9	9	4	4	0	20
chrY	21252127	9	9	4	4	0	24
chrY	21253866	9	9	0	7	8	8
chrY	21256151	9	9	0	15	5	5
chrY	21278552	0	26	3	3	0	12
chrY	21289172	0	28	3	3	0	15
chrY	21294099	6	6	0	23	4	4
chrY	21304792	0	25	6	6	4	4
chrY	21309747	10	10	6	6	0	15
chrY	21314392	0	25	6	6	5	5
chrY	21335171	0	15	4	4	6	6
chrY	21342107	0	14	4	4	0	13
chrY	21348092	9	9	7	7	0	10
chrY	21348184	0	9	7	7	12	12
chrY	21349939	1	3	2	2	1	1
chrY	21350157	0	0	3	3	0	2
chrY	21360052	3	3	3	3	0	21
chrY	21361451	0	18	3	3	6	6
chrY	21374408	7	7	3	3	0	15
chrY	21385349	6	6	4	4	0	9
chrY	21387221	6	6	4	4	0	26
chrY	21387268	0	26	4	4	0	19
chrY	21397738	8	8	4	4	0	16
chrY	21400865	0	27	4	4	8	8
chrY	21401298	0	20	4	4	0	18
chrY	21402049	8	8	4	4	0	10
chrY	21420539	9	9	4	4	0	12
chrY	21421976	0	20	4	4	0	19
chrY	21427286	0	15	0	18	0	9
chrY	21427420	12	12	0	6	6	6
chrY	21431135	0	25	0	20	0	8
chrY	21434842	8	8	7	7	0	17
chrY	21435900	0	16	7	7	6	6
chrY	21441545	0	16	5	5	0	19
chrY	21447077	0	21	5	5	7	7
chrY	21448180	11	11	5	5	0	19
chrY	21452686	0	21	5	5	4	4
chrY	21455137	0	18	5	5	0	12
chrY	21456916	9	9	5	5	0	21
chrY	21463173	0	29	5	5	0	12
chrY	21463903	0	16	5	5	7	7
chrY	21469174	7	7	5	5	0	12
chrY	21470346	7	7	5	5	0	15
chrY	21475143	0	24	5	5	0	16
chrY	21479736	0	22	5	5	0	13
chrY	21483551	9	9	4	4	0	15
chrY	21497670	8	8	4	4	0	20
chrY	21498535	0	23	4	4	0	14
chrY	21510015	0	25	4	4	7	7
chrY	21510957	8	8	0	17	7	7
chrY	21512252	8	8	5	5	0	13
chrY	21521573	0	26	7	7	0	12
chrY	21521707	0	23	7	7	9	9
chrY	21528862	9	9	7	7	0	14
chrY	21531671	0	15	6	6	8	8
chrY	21532177	7	7	0	13	8	8
chrY	21536711	7	7	5	5	0	23
chrY	21540807	0	30	0	16	0	24
chrY	21540808	0	30	0	16	0	24
chrY	21546647	7	7	6	6	0	21
chrY	21549053	7	7	6	6	0	11
chrY	21564855	0	18	6	6	0	11
chrY	21567428	7	7	4	4	0	21
chrY	21580040	0	23	4	4	4	4
chrY	21585455	7	7	3	3	0	17
chrY	21596625	0	22	3	3	0	15
chrY	21602357	0	9	4	4	6	6
chrY	21622436	0	21	6	6	0	21
chrY	21631913	10	10	8	8	0	19
chrY	21632936	10	10	0	14	12	12
chrY	21636381	8	8	0	23	4	4
chrY	21637079	0	25	5	5	4	4
chrY	21646417	5	5	5	5	0	14
chrY	21647446	0	24	5	5	6	6
chrY	21669839	6	6	5	5	0	13
chrY	21670745	6	6	0	8	6	6
chrY	21675348	6	6	10	10	1	6
chrY	21675491	6	6	7	7	0	12
chrY	21682317	6	6	7	7	0	21
chrY	21682703	6	6	0	22	6	6
chrY	21686276	0	21	5	5	0	20
chrY	21690344	12	12	0	20	8	8
chrY	21692058	8	8	5	5	0	17
chrY	21695865	8	8	5	5	0	15
chrY	21700167	0	25	5	5	5	5
chrY	21711324	0	20	5	5	0	15
chrY	21717169	8	8	0	10	4	4
chrY	21729315	0	30	3	3	0	19
chrY	21731472	12	12	3	3	0	20
chrY	21733097	12	12	3	3	0	14
chrY	21740217	0	21	3	3	4	4
chrY	21740398	11	11	0	17	4	4
chrY	21748479	0	23	6	6	4	4
chrY	21753130	10	10	6	6	0	24
chrY	21753994	10	10	6	6	0	20
chrY	21754922	9	9	6	6	0	14
chrY	21771787	0	24	5	5	0	18
chrY	21772936	9	9	5	5	0	10
chrY	21776772	9	9	5	5	0	25
chrY	21779972	9	9	5	5	0	17
chrY	21782868	0	21	5	5	0	13
chrY	21789624	0	15	5	5	6	6
chrY	21790661	11	11	5	5	0	20
chrY	21796472	11	11	0	12	6	6
chrY	21798709	13	13	4	4	0	7
chrY	21798723	0	21	4	4	5	5
chrY	21801490	0	13	4	4	0	10
chrY	21803646	10	10	4	4	0	18
chrY	21813092	0	10	4	4	5	5
chrY	21817427	0	14	7	7	6	6
chrY	21822890	6	6	5	5	0	11
chrY	21824099	0	20	5	5	0	13
chrY	21835073	5	5	4	4	0	18
chrY	21837732	0	29	4	4	6	6
chrY	21840943	7	7	5	5	0	18
chrY	21848261	0	23	5	5	6	6
chrY	21854261	0	24	5	5	0	16
chrY	21854379	16	16	5	5	0	13
chrY	21855309	0	20	0	19	0	10
chrY	21855704	5	5	5	5	0	21
chrY	21874014	5	5	5	5	0	20
chrY	21877066	0	26	5	5	0	20
chrY	21879260	9	9	5	5	0	20
chrY	21949328	11	11	0	12	7	7
chrY	21952353	11	11	6	6	0	19
chrY	21954415	11	11	6	6	0	21
chrY	21954653	0	20	6	6	0	17
chrY	21954936	11	11	6	6	0	21
chrY	21956302	0	15	6	6	5	5
chrY	21959432	6	6	0	10	5	5
chrY	21962218	0	23	0	10	0	17
chrY	21962297	15	15	8	8	0	14
chrY	21962745	15	15	8	8	0	11
chrY	21964261	0	21	8	8	0	20
chrY	21965247	0	23	8	8	0	17
chrY	21965502	7	7	0	15	6	6
chrY	21968181	7	7	5	5	0	23
chrY	21969076	8	8	5	5	0	10
chrY	21969096	0	17	5	5	0	13
chrY	21971187	0	23	5	5	6	6
chrY	21974909	10	10	5	5	0	16
chrY	21986388	0	25	5	5	0	21
chrY	21990404	0	35	0	13	0	13
chrY	22002096	9	9	5	5	0	13
chrY	22002226	9	9	5	5	0	14
chrY	22007617	10	10	5	5	0	16
chrY	22008805	10	10	5	5	0	7
chrY	22038002	0	18	4	4	0	20
chrY	22056087	0	23	5	5	4	4
chrY	22064790	9	9	5	5	0	14
chrY	22067280	9	9	5	5	0	16
chrY	22092538	9	9	5	5	0	16
chrY	22092633	0	15	5	5	7	7
chrY	22096651	0	24	0	10	0	15
chrY	22115028	0	23	0	11	0	13
chrY	22117127	0	29	5	5	5	5
chrY	22129245	3	3	5	5	0	16
chrY	22143657	3	3	5	5	0	14
chrY	22144913	0	25	5	5	5	5
chrY	22157343	10	10	5	5	0	21
chrY	22157348	0	16	5	5	0	21
chrY	22166337	0	19	5	5	6	6
chrY	22176655	10	10	5	5	0	16
chrY	22190309	0	31	5	5	3	3
chrY	22193301	7	7	0	22	3	3
chrY	22202577	0	28	3	3	5	5
chrY	22210376	0	18	0	13	0	16
chrY	22215303	4	4	5	5	0	14
chrY	22227212	9	9	6	6	0	11
chrY	22245409	7	7	5	5	0	15
chrY	22251683	0	18	5	5	0	16
chrY	22251931	8	8	5	5	0	17
chrY	22256338	8	8	5	5	0	13
chrY	22264299	0	21	5	5	7	7
chrY	22264866	12	12	5	5	0	12
chrY	22268137	10	10	5	5	0	13
chrY	22268368	10	10	5	5	0	8
chrY	22282371	0	39	5	5	5	5
chrY	22287221	0	22	1	14	0	17
chrY	22314077	11	11	5	5	0	21
chrY	22314991	0	26	5	5	0	12
chrY	22327021	9	9	5	5	0	22
chrY	22335161	9	9	5	5	0	10
chrY	22341983	9	9	5	5	0	17
chrY	22345006	0	27	3	3	6	6
chrY	22352601	9	9	3	3	0	7
chrY	22367716	9	9	3	3	0	11
chrY	22368489	0	27	3	3	5	5
chrY	22385673	0	2	0	0	0	0
chrY	22427086	3	3	3	3	0	4
chrY	22443307	3	3	3	3	0	16
chrY	22443730	0	7	0	19	4	4
chrY	22447063	0	22	6	6	0	17
chrY	22466248	0	27	6	6	0	22
chrY	22482556	4	4	4	4	0	17
chrY	22491775	4	4	5	5	0	20
chrY	22492764	0	23	0	17	0	13
chrY	22504290	0	21	5	5	0	13
chrY	22504798	10	10	5	5	0	13
chrY	22525111	0	27	3	3	6	6
chrY	22530092	6	6	3	3	0	16
chrY	22535140	6	6	3	3	0	14
chrY	22538410	6	6	3	3	0	1
chrY	22538412	6	6	3	3	0	1
chrY	22541381	5	5	0	11	5	5
chrY	22548614	5	5	3	3	0	15
chrY	22549347	5	5	3	3	0	20
chrY	22552798	5	5	0	23	6	6
chrY	22555905	0	16	8	8	0	12
chrY	22559013	0	26	3	3	5	5
chrY	22565961	0	17	3	3	5	5
chrY	22583743	7	7	3	3	0	17
chrY	22590150	7	7	3	3	0	13
chrY	22591106	7	7	3	3	0	15
chrY	22602062	7	7	0	23	3	3
chrY	22614046	7	7	4	4	0	20
chrY	23052986	0	27	3	3	3	3
chrY	23082525	0	28	3	3	3	3
chrY	23084236	0	25	3	3	0	13
chrY	23089684	10	10	3	3	0	10
chrY	23106656	9	9	3	3	0	17
chrY	23121244	10	10	4	4	0	5
chrY	23123472	0	14	4	4	5	5
chrY	23124258	0	16	4	4	5	5
chrY	23128898	9	9	4	4	0	18
chrY	23130115	9	9	4	4	0	16
chrY	23132273	9	9	0	15	10	10
chrY	23142091	0	31	4	4	0	8
chrY	23152312	2	3	0	5	0	8
chrY	23152314	4	4	0	5	0	8
chrY	23152328	4	4	8	8	0	8
chrY	23156150	0	21	5	5	3	3
chrY	23160162	7	7	3	3	0	16
chrY	23166143	7	7	3	3	0	13
chrY	23168491	7	7	3	3	0	14
chrY	23173471	0	16	3	3	7	7
chrY	23175430	8	8	3	3	0	20
chrY	23176001	8	8	3	3	0	12
chrY	23182089	7	7	4	4	0	11
chrY	23188825	8	8	4	4	0	14
chrY	23191229	8	8	0	25	7	7
chrY	23192737	8	8	3	3	0	13
chrY	23197587	0	19	3	3	6	6
chrY	23207234	0	28	3	3	7	7
chrY	23208267	3	3	3	3	0	19
chrY	23212070	3	3	3	3	0	15
chrY	23228782	4	16	1	1	3	3
chrY	23242034	0	0	1	1	0	3
chrY	23362679	3	3	3	3	0	9
chrY	23561758	3	3	3	3	0	8
chrY	23563387	0	18	3	3	0	10
chrY	23566598	0	8	3	3	3	3
chrY	23573145	3	3	3	3	0	5
chrY	23573733	3	3	3	3	2	8
chrY	23578334	3	3	3	3	0	10
chrY	23579640	3	3	3	3	0	3
chrY	23611386	3	3	0	5	3	3
chrY	23660612	3	3	3	3	6	20
chrY	23775616	0	11	3	3	3	3
chrY	23786403	3	3	3	3	0	2
chrY	23930383	0	3	0	0	0	0
chrY	23935759	0	5	3	3	3	3
chrY	23977984	0	7	3	3	0	0
chrY	23978709	3	3	3	3	2	5
chrY	24065712	0	1	2	2	0	0
chrY	24081403	0	4	3	3	3	3
chrY	24128618	0	0	0	0	0	2
chrY	24134107	0	3	0	0	4	4
chrY	24173907	3	3	4	9	0	10
chrY	24173915	3	3	11	11	0	10
chrY	24173958	3	8	11	11	14	14
chrY	24174594	4	4	3	3	1	5
chrY	24201274	3	3	3	3	0	6
chrY	24286237	0	7	3	3	0	0
chrY	24370731	3	3	0	8	3	3
chrY	24371311	0	3	4	4	3	3
chrY	24379074	3	3	0	6	2	2
chrY	24410952	0	11	3	3	3	3
chrY	24413811	0	6	3	3	2	2
chrY	24464067	3	3	3	3	0	11
chrY	24520480	3	3	3	3	0	4
chrY	24547931	1	1	0	2	0	0
chrY	24616130	1	1	2	2	1	4
chrY	24687869	1	6	1	1	3	3
chrY	24748072	3	3	3	3	0	17
chrY	24856574	4	4	3	3	0	8
chrY	24856576	4	4	3	3	0	8
chrY	24940597	0	7	3	3	4	4
chrY	24964571	3	3	3	3	0	9
chrY	25013672	0	3	4	4	3	3
chrY	25078071	3	3	3	3	0	4
chrY	25122871	4	4	3	3	2	6
chrY	25309420	0	0	2	2	0	3
chrY	25383393	0	0	0	0	0	2
chrY	25443151	4	8	3	3	0	8
chrY	25537277	0	0	0	0	0	4
chrY	25598062	4	4	3	3	0	8
chrY	26379659	3	3	0	3	4	4
chrY	26398214	8	8	3	3	1	4
chrY	26458137	3	3	1	5	7	7
chrY	26522463	3	3	0	8	0	0
chrY	26560310	3	3	0	3	3	3
chrY	26633620	1	9	3	3	4	4
chrY	26742816	10	10	3	3	0	4
chrY	26813255	1	5	0	0	2	2
chrY	27123024	0	2	4	4	0	0
chrY	27123364	3	3	4	4	0	8
chrY	27125495	3	3	4	4	0	21
chrY	27135525	8	8	4	4	0	22
chrY	27136358	0	17	4	4	7	7
chrY	27136360	0	17	4	4	1	12
chrY	27157863	10	10	3	3	0	7
chrY	27181522	7	7	4	4	0	14
chrY	27190206	0	22	3	3	0	13
chrY	27196391	0	19	3	3	0	21
chrY	27203805	9	9	0	22	7	7
chrY	27203831	0	22	6	6	0	13
chrY	27209555	0	19	6	6	6	6
chrY	27216519	9	9	7	7	1	18
chrY	27234865	0	19	4	4	0	13
chrY	27235701	0	23	4	4	8	8
chrY	27248724	8	8	4	4	0	13
chrY	27256065	0	20	4	4	5	5
chrY	27267761	0	15	4	4	5	5
chrY	27272055	0	21	4	4	6	6
chrY	27274980	0	20	4	4	6	6
chrY	27278109	0	22	4	4	6	6
chrY	27282406	0	29	0	16	0	12
chrY	27288507	0	19	4	4	0	18
chrY	27294220	0	4	3	3	7	7
chrY	27294226	0	4	3	3	7	7
chrY	27294263	6	6	2	2	0	8
chrY	27298260	0	25	4	4	6	6
chrY	27300780	0	26	0	18	0	19
chrY	27304608	0	29	5	5	6	6
chrY	27307450	0	27	5	5	7	7
chrY	27316137	8	8	4	4	0	14
chrY	27317441	8	8	3	3	0	22
chrY	27321265	0	26	3	3	6	6
chrY	27325439	10	10	3	3	0	15
chrY	27326992	10	10	3	3	0	15
chrY	27330401	10	10	3	3	0	16
chrY	27331615	0	29	0	15	0	19
chrY	27335104	0	23	3	3	0	13
chrY	27335911	0	23	3	3	8	8
chrY	27344435	0	20	3	3	4	4
chrY	27350166	0	20	4	4	0	13
chrY	27364811	8	8	4	4	0	23
chrY	27373382	7	7	4	4	0	15
chrY	27373948	7	7	4	4	0	20
chrY	27382075	8	8	5	5	0	9
chrY	27382445	8	8	5	5	0	16
chrY	27390469	0	19	5	5	0	16
chrY	27397721	0	19	5	5	5	5
chrY	27398905	0	17	5	5	5	5
chrY	27403942	0	26	5	5	0	16
chrY	27404381	0	32	5	5	0	23
chrY	27409741	0	19	5	5	4	4
chrY	27415296	13	13	5	5	0	13
chrY	27415811	0	16	5	5	0	17
chrY	27423998	0	27	5	5	5	5
chrY	27424899	0	17	5	5	0	7
chrY	27424916	0	18	5	5	0	8
chrY	27425258	0	24	5	5	0	13
chrY	27429419	0	17	5	5	0	17
chrY	27431936	9	9	0	15	5	5
chrY	27434905	9	9	4	4	0	8
chrY	27436923	0	19	4	4	5	5
chrY	27438976	8	8	4	4	0	17
chrY	27448744	8	8	5	5	0	7
chrY	27453892	8	8	5	5	0	17
chrY	27453919	8	8	5	5	0	16
chrY	27458406	0	24	5	5	0	20
chrY	27460216	9	9	0	13	4	4
chrY	27464095	0	24	5	5	0	10
chrY	27464125	1	23	5	5	6	6
chrY	27465991	0	20	0	13	0	12
chrY	27466095	0	20	9	9	6	6
chrY	27469271	8	8	9	9	0	13
chrY	27469290	0	40	9	9	4	4
chrY	27469292	0	40	9	9	4	4
chrY	27472040	42	42	9	9	0	14
chrY	27472122	0	68	0	15	0	15
chrY	27474045	0	67	6	6	0	18
chrY	27474164	0	56	6	6	12	12
chrY	27474387	0	54	0	14	0	24
chrY	27476060	0	20	0	13	0	15
chrY	27476865	9	9	3	3	0	12
chrY	27476866	9	9	3	3	0	12
chrY	27477126	9	9	3	3	0	4
chrY	27477139	0	21	3	3	4	4
chrY	27477226	1	22	3	3	4	4
chrY	27477404	9	9	3	3	0	11
chrY	27478530	9	9	3	3	0	12
chrY	27478768	9	9	3	3	0	10
chrY	27478984	9	9	3	3	0	9
chrY	27479055	0	19	3	3	0	10
chrY	27479622	0	17	3	3	0	11
chrY	27481434	4	4	3	3	0	11
chrY	27481759	4	4	3	3	0	21
chrY	27482704	0	21	3	3	6	6
chrY	32285510	0	23	0	0	0	0
chrY	32314478	5	5	0	9	0	0
chrY	62059688	0	26	3	3	0	7
chrY	62067190	1	25	3	3	7	7
chrY	62075571	0	23	10	10	0	22
chrY	62078617	0	17	4	4	0	20
chrY	62078991	9	9	4	4	22	58
chrY	62103145	0	9	4	4	6	6
chrY	62106885	1	22	6	6	6	6
chrY	62108258	10	10	6	6	0	16
chrY	62109422	9	9	4	4	0	11
chrY	62110171	2	21	4	4	4	4
chrY	62110312	0	17	4	4	0	6
chrY	62121399	0	20	3	3	0	10
