window-center  average-queries-per-base   num-zero  min-per-base  max-per-base
2785000	0.00	9999	1	1
2805000	0.02	9988	1	24
2815000	0.70	9717	1	156
2825000	0.00	9991	1	1
2835000	0.00	9997	1	1
2845000	0.18	9904	2	35
2855000	0.15	9813	1	50
2875000	0.00	9999	1	1
2885000	0.00	9999	1	1
2895000	0.09	9894	1	41
2905000	0.00	9987	1	1
2915000	0.01	9980	1	4
2925000	4.25	9355	1	216
2945000	0.02	9981	1	15
2955000	0.00	9998	1	1
2985000	0.00	9965	1	1
2995000	0.00	9994	1	1
3005000	0.02	9884	1	5
3025000	0.00	9994	1	1
3035000	5.27	9215	1	215
3045000	0.09	9985	1	88
3055000	0.00	9995	3	4
3065000	0.00	9985	1	2
3075000	0.01	9949	1	1
3095000	0.01	9923	1	1
3115000	0.00	9990	3	6
3155000	0.01	9898	1	1
3165000	0.00	9999	2	2
3185000	0.01	9983	1	8
3205000	0.00	9968	1	4
3215000	0.04	9942	1	14
3225000	0.00	9997	2	13
3255000	0.00	9995	1	1
3265000	2.01	9974	1	2172
3275000	0.36	9894	2	80
3285000	0.14	9701	1	123
3305000	0.75	9705	1	246
3315000	0.00	9961	1	2
3325000	0.00	9981	1	1
3345000	0.03	9779	1	14
3365000	0.01	9965	1	5
3375000	0.00	9988	1	3
3395000	0.02	9990	4	48
3405000	0.01	9946	1	3
3415000	0.00	9991	1	2
3445000	2.18	9140	1	71
3455000	17.50	6763	1	289
3475000	0.00	9990	1	1
3485000	0.00	9991	1	1
3515000	0.00	9991	1	2
3525000	0.09	9864	1	31
3535000	0.21	9788	1	50
3575000	0.01	9986	1	21
3585000	0.01	9921	1	2
3595000	1.52	9610	1	199
3615000	0.00	9995	1	5
3625000	0.00	9978	1	3
3635000	1.62	9761	1	211
3645000	0.02	9971	1	22
3655000	0.00	9999	3	3
3675000	0.01	9904	1	4
3685000	0.02	9861	1	10
3695000	0.00	9957	1	1
3705000	0.03	9947	1	25
3745000	0.01	9953	1	14
3765000	0.03	9954	1	48
3775000	0.02	9873	1	5
3785000	0.00	9991	1	1
3825000	0.00	9994	1	1
3845000	0.00	9999	1	1
3865000	0.00	9994	1	1
3875000	0.00	9989	1	1
3885000	0.00	9998	2	2
3895000	0.10	9923	5	22
3905000	0.07	9766	1	48
3945000	0.08	9907	1	31
3955000	0.00	9985	1	1
3975000	0.00	9992	1	3
4005000	0.10	9882	1	107
4015000	0.00	9988	1	12
4035000	0.01	9997	5	32
4055000	0.06	9909	1	31
4085000	0.00	9980	1	1
4105000	0.02	9891	1	5
4135000	0.00	9997	1	1
4165000	0.00	9996	1	2
4195000	0.01	9992	5	7
4215000	0.01	9953	1	5
4225000	7.85	9237	1	289
4235000	0.06	9923	1	36
4285000	0.00	9952	1	1
4305000	0.10	9850	1	27
4315000	0.07	9905	1	36
4325000	0.00	9978	1	1
4345000	0.01	9980	1	11
4355000	2.64	9473	1	247
4365000	0.11	9395	1	8
4405000	0.03	9985	1	102
4415000	0.03	9839	1	5
4425000	1.89	9332	1	269
4435000	0.02	9852	1	3
4445000	0.00	9979	1	1
4455000	0.01	9929	1	6
4465000	0.02	9933	1	7
4485000	0.01	9980	4	8
4495000	0.00	9995	1	1
4505000	0.00	9995	1	1
4515000	0.02	9872	1	9
4525000	0.00	9996	1	1
4535000	0.01	9931	1	3
4545000	0.00	9994	2	2
4555000	0.04	9814	1	12
4565000	0.03	9936	1	8
4575000	0.00	9978	1	1
4585000	0.01	9950	1	6
4605000	0.13	9830	1	31
4615000	0.00	9989	1	11
4635000	0.00	9967	1	2
4645000	0.01	9976	1	4
4655000	0.01	9988	2	7
4665000	0.00	9994	1	2
4685000	0.22	9954	1	264
4705000	0.00	9985	1	2
4725000	0.24	9930	1	70
4755000	3.30	9232	1	198
4765000	1.93	9642	1	214
4775000	0.35	9822	1	48
4785000	0.00	9998	1	1
4795000	0.00	9984	1	2
4815000	2.57	9602	1	217
4825000	2.76	9677	1	289
4855000	0.00	9991	1	2
4865000	4.25	9560	1	216
4875000	8.75	8334	1	216
4885000	0.03	9730	1	1
4895000	0.00	9984	1	3
4905000	0.26	9810	1	50
4915000	4.39	9482	1	216
4925000	0.82	9743	1	131
4935000	0.00	9976	1	3
4945000	0.02	9890	1	7
4955000	19.04	6001	1	219
4975000	0.41	9748	1	62
4985000	14.05	8065	1	289
5015000	0.07	9949	1	31
5045000	12.24	8256	1	289
5055000	1.54	9359	1	141
5085000	0.01	9970	1	9
5105000	0.02	9993	26	37
5115000	0.27	9802	1	35
5125000	0.11	9836	1	50
5145000	6.41	9182	1	289
5155000	0.00	9997	1	1
5185000	6.35	9180	1	269
5205000	5.89	9056	1	289
5215000	0.01	9960	1	4
5225000	0.02	9943	1	8
5235000	0.00	9981	1	2
5245000	7.00	9469	1	269
5255000	0.28	9925	1	133
5265000	0.00	9994	1	1
5285000	0.00	9991	1	1
5295000	0.01	9922	1	2
5325000	0.00	9986	1	1
5335000	0.10	9387	1	5
5345000	0.00	9999	2	2
5355000	0.00	9985	1	6
5365000	0.01	9942	1	15
5375000	0.03	9871	1	5
5385000	0.00	9991	1	2
5395000	0.00	9981	1	1
5405000	0.00	9990	1	2
5435000	0.01	9934	1	1
5445000	0.01	9983	1	14
5465000	0.01	9915	1	1
5485000	0.00	9963	1	3
5495000	0.00	9991	1	1
5505000	0.13	9832	1	186
5515000	0.04	9982	1	50
5525000	0.01	9946	1	5
5535000	0.00	9990	1	6
5545000	0.14	9983	1	134
5555000	0.01	9983	1	10
5565000	0.03	9855	1	21
5575000	0.00	9981	1	1
5585000	0.00	9998	1	1
5605000	0.11	9973	1	134
5615000	17.36	5923	1	234
5625000	0.00	9999	1	1
5635000	0.01	9979	1	21
5645000	0.01	9970	1	4
5655000	0.07	9739	1	12
5665000	0.00	9999	1	1
5685000	0.00	9988	1	7
5705000	0.04	9906	1	14
5715000	0.00	9991	2	4
5725000	0.00	9987	1	1
5755000	0.02	9809	1	1
5765000	0.01	9852	1	1
5785000	0.00	9996	7	7
5795000	0.00	9992	1	1
5805000	0.01	9862	1	1
5825000	0.00	9995	1	1
5835000	0.19	9933	1	58
5845000	1.15	9712	1	219
5865000	0.00	9996	3	3
5895000	0.00	9998	1	1
5905000	0.00	9991	1	1
5925000	0.05	9980	1	48
5945000	0.08	9635	1	8
5955000	0.03	9882	1	4
5965000	0.04	9800	1	21
5975000	0.02	9849	1	1
5985000	0.00	9983	1	2
6005000	0.15	9922	1	35
6025000	0.03	9975	2	20
6035000	0.02	9968	1	15
6045000	0.90	9746	1	186
6085000	0.11	9746	1	31
6095000	0.00	9990	1	6
6105000	0.19	9865	1	174
6145000	0.08	9576	1	6
6155000	8.27	8683	1	289
6165000	0.04	9926	1	12
6175000	0.00	9991	1	3
6185000	0.99	9791	1	269
6195000	0.55	9907	3	192
6215000	0.00	9997	2	2
6245000	0.00	9995	1	1
6255000	0.05	9542	1	1
6285000	0.01	9920	1	1
6295000	4.22	9325	1	289
6305000	1.49	9848	1	289
6335000	5.61	9033	1	289
6345000	4.74	9393	1	219
6355000	0.00	9965	1	1
6385000	0.12	9948	1	78
6435000	2.59	9593	1	289
6465000	1.73	9733	1	219
6485000	0.00	9965	1	1
6495000	0.23	9738	1	48
6505000	1.44	9852	1	216
6515000	3.72	9666	1	289
6525000	2.45	9791	1	216
6535000	2.81	9693	1	247
6585000	1.30	9751	1	216
6605000	0.00	9986	1	1
6635000	9.79	8297	1	289
6645000	0.03	9901	1	16
6655000	0.01	9915	1	1
6665000	0.05	9886	1	11
6675000	0.04	9634	1	1
6725000	0.17	9830	1	47
6745000	0.03	9973	1	34
6755000	0.05	9804	1	26
6765000	0.00	9996	1	1
6775000	4.92	9478	1	247
6785000	0.00	9996	1	1
6795000	0.00	9999	1	1
6805000	0.44	9914	1	139
6825000	0.99	9776	1	176
6845000	0.12	9950	1	125
6855000	1.57	9358	1	133
6865000	9.20	8875	1	289
6875000	0.01	9968	1	10
6885000	2.42	9731	1	289
6905000	0.98	9901	1	206
6915000	0.01	9971	1	8
6925000	0.00	9996	1	2
6935000	0.00	9994	1	1
6955000	0.61	9763	1	145
6965000	0.00	9950	1	1
6975000	0.00	9991	1	1
6985000	0.01	9990	1	9
6995000	0.11	9980	1	134
7005000	0.01	9947	1	5
7015000	0.81	9889	1	216
7045000	0.00	9994	2	3
7055000	0.09	9951	1	90
7065000	0.00	9996	1	1
7085000	0.01	9956	1	5
7105000	0.00	9999	2	2
7115000	0.02	9991	14	21
7135000	1.41	9719	1	206
7145000	3.75	9275	1	234
7155000	3.02	9601	1	289
7165000	8.57	7712	1	234
7175000	0.00	9990	1	1
7185000	0.01	9964	1	3
7195000	1.20	9709	1	219
7205000	0.02	9978	2	8
7215000	0.19	9732	1	50
7255000	9.73	7766	1	234
7265000	0.22	9784	1	36
7285000	0.00	9999	1	1
7315000	1.77	9678	1	289
7335000	0.03	9986	9	75
7395000	0.01	9882	1	1
7405000	2.49	9458	1	216
7415000	0.00	9996	4	4
7435000	2.45	9524	1	289
7445000	0.01	9941	1	4
7475000	0.06	9982	1	289
7485000	0.36	9826	1	215
7505000	0.00	9997	1	1
7515000	0.02	9917	1	27
7525000	1.49	9864	1	176
7535000	2.69	9347	1	289
7555000	0.10	9954	1	50
7575000	7.32	8633	1	289
7585000	0.17	9904	1	31
7605000	0.00	9999	1	1
7625000	0.02	9821	1	4
7635000	0.01	9938	1	1
7665000	0.00	9995	1	1
7675000	0.21	9781	1	44
7705000	0.00	9977	1	1
7715000	1.65	9672	1	176
7765000	0.95	9862	1	216
7785000	0.02	9978	1	13
7805000	0.00	9992	3	3
7845000	0.10	9888	1	190
7855000	0.00	9978	1	4
7885000	0.00	9990	1	2
7915000	1.44	9884	1	246
7965000	0.16	9978	1	134
8005000	0.03	9994	1	134
8025000	0.63	9897	1	221
8035000	0.49	9884	1	204
8065000	0.28	9875	1	144
8105000	1.57	9646	1	216
8125000	1.17	9778	1	234
8135000	1.68	9857	1	219
8145000	6.97	8450	1	247
8185000	3.78	9417	1	234
8195000	0.00	9989	1	1
8205000	0.70	9777	1	207
8225000	0.21	9753	1	65
8235000	0.03	9968	1	27
8245000	1.57	9850	1	289
8265000	0.00	9987	1	22
8275000	0.99	9820	1	289
8295000	0.01	9982	1	7
8305000	0.00	9963	1	3
8315000	5.91	8723	1	219
8355000	0.04	9946	1	57
8375000	2.87	9722	1	216
8395000	0.08	9963	1	73
8415000	1.77	9655	1	289
8425000	0.51	9910	1	198
8435000	2.68	9699	5	219
8455000	1.07	9699	1	204
8465000	2.30	9502	1	216
8475000	0.48	9943	1	107
8485000	0.03	9996	74	74
8495000	0.00	9980	1	1
8505000	0.89	9855	1	269
8515000	0.00	9995	1	2
8525000	0.19	9928	1	108
8545000	2.10	9740	1	221
8565000	0.04	9990	1	107
8615000	0.00	9990	1	1
8695000	0.02	9959	1	11
8785000	0.19	9974	1	134
8805000	0.01	9967	1	14
8825000	0.17	9810	2	44
8865000	0.05	9970	1	50
8875000	1.34	9809	1	216
8895000	0.00	9990	1	4
8925000	0.16	9841	1	22
8945000	1.58	9904	1	289
8955000	0.31	9802	1	49
8965000	1.60	9549	1	215
8985000	0.00	9991	1	2
8995000	0.01	9936	1	2
9015000	0.00	9997	9	9
9055000	0.00	9996	1	1
9135000	5.34	9338	1	247
9145000	0.02	9937	1	12
9155000	0.00	9970	1	2
9185000	0.06	9974	1	35
9195000	1.73	9788	1	232
9205000	3.86	9407	1	289
9215000	0.00	9984	1	2
9235000	0.00	9971	1	1
9245000	0.01	9966	1	4
9305000	0.00	9997	1	1
9315000	0.00	9975	1	1
9345000	0.04	9588	1	1
9365000	0.03	9652	1	1
9385000	0.05	9464	1	1
9405000	0.01	9925	1	1
9475000	0.05	9547	1	1
9495000	0.05	9528	1	1
9515000	0.05	9464	1	1
9535000	0.04	9597	1	1
9555000	0.00	9998	1	1
9575000	2.54	9477	1	176
9585000	1.36	9794	1	269
9595000	6.48	8563	1	216
9605000	2.16	9651	1	207
9615000	0.45	9912	1	146
9635000	2.18	9824	1	247
9645000	3.16	9655	1	215
9655000	0.54	9906	2	186
9665000	1.01	9790	1	214
9675000	0.30	9743	1	48
9685000	0.11	9986	1	134
9705000	1.73	9733	1	219
9735000	2.59	9593	1	289
9795000	0.12	9948	1	78
9825000	0.08	9984	1	134
9835000	0.00	9967	1	1
9845000	7.11	8733	1	247
9855000	3.49	9700	1	289
9885000	2.67	9480	1	289
9895000	2.57	9713	1	289
9905000	0.01	9917	1	2
9925000	0.00	9995	1	1
9935000	0.01	9940	1	4
9945000	7.46	7466	1	138
9955000	11.96	8501	1	234
9965000	3.25	9316	1	219
9975000	1.53	9588	1	141
9995000	0.05	9930	1	25
10005000	0.00	9982	2	2
10015000	0.00	9998	1	1
10025000	0.07	9989	1	88
10055000	0.00	9976	1	2
10065000	0.39	9979	1	221
10075000	0.01	9942	1	3
10085000	0.01	9892	1	10
10095000	0.01	9966	1	10
10105000	0.00	9969	1	1
10115000	1.05	9857	1	135
10125000	0.00	9960	1	1
10135000	2.08	9760	1	287
10145000	0.01	9922	1	1
10155000	0.27	9982	2	214
10165000	0.92	9782	1	269
10175000	0.00	9984	1	2
10185000	0.01	9967	1	4
10195000	0.81	9833	1	216
10205000	0.00	9987	1	4
10215000	1.28	9682	1	269
10225000	6.50	9027	1	289
10235000	0.02	9944	1	27
10245000	2.23	9524	1	205
10255000	0.11	9207	1	17
10265000	0.11	9098	1	10
10275000	0.00	9997	1	1
10325000	0.08	9295	1	2
10335000	0.10	9174	1	5
10345000	0.10	9135	1	5
10355000	0.12	8973	1	5
10365000	0.10	9213	1	5
10375000	0.10	9200	1	5
10385000	0.10	9102	1	5
10395000	0.12	8942	1	5
10405000	0.10	9162	1	5
10415000	0.12	8939	1	5
10425000	0.09	9182	1	5
10435000	0.11	9120	1	5
10445000	0.10	9177	1	5
10455000	0.11	9037	1	5
10465000	0.08	9303	1	5
10475000	0.13	8912	1	5
10485000	0.09	9226	1	5
10495000	0.09	9173	1	5
10505000	0.12	8934	1	5
10515000	0.10	9178	1	14
10525000	0.09	9239	1	5
10535000	0.10	9226	1	5
10545000	0.09	9224	1	5
10595000	0.00	9998	5	5
10605000	0.11	9066	1	5
10615000	0.10	9148	1	5
10625000	0.09	9495	1	17
10635000	0.03	9948	1	150
10655000	0.02	9940	1	8
10665000	0.07	9964	1	156
10675000	0.07	9929	1	152
10685000	0.05	9773	1	148
10695000	0.01	9986	1	7
10745000	0.05	9979	1	156
10755000	0.14	9812	1	156
10765000	0.03	9958	1	148
10775000	0.00	9997	1	4
10785000	0.05	9995	1	150
10795000	0.61	9896	1	156
10805000	0.63	9899	1	156
10815000	0.00	9982	1	5
10825000	0.23	9962	1	156
10845000	0.00	9995	1	8
10855000	0.06	9981	1	152
10865000	0.01	9916	1	6
10875000	0.01	9996	13	18
10895000	0.07	9978	1	156
10905000	0.04	9968	1	156
10915000	0.01	9927	1	2
10925000	0.00	9984	1	5
10945000	0.00	9994	1	1
10965000	0.13	9973	1	156
10975000	0.15	9973	1	156
10985000	0.10	9971	1	156
10995000	0.01	9975	1	6
11005000	0.43	9911	1	156
11015000	0.09	9968	1	156
11035000	0.01	9983	1	13
11045000	0.00	9993	1	1
11055000	0.19	9740	1	57
11065000	0.00	9994	1	1
11085000	0.00	9997	1	2
11095000	0.00	9993	1	1
11105000	0.01	9932	1	1
11115000	0.01	9858	1	2
11125000	0.00	9955	1	1
11135000	0.02	9821	1	1
11145000	0.01	9939	1	2
11155000	0.00	9967	1	2
11175000	0.00	9984	1	1
11185000	0.01	9864	1	4
11195000	0.01	9853	1	4
11205000	0.01	9853	1	1
11215000	0.01	9934	1	6
11225000	0.02	9919	1	14
11235000	0.05	9850	1	16
11245000	0.04	9679	1	3
11255000	0.01	9920	1	1
11265000	0.00	9992	1	5
11275000	1.49	9542	1	176
11285000	1.44	9846	1	219
11295000	0.53	9856	1	161
11305000	0.45	9763	1	156
11315000	0.19	9473	1	17
11325000	0.06	9618	1	4
11335000	0.27	9467	1	50
11365000	0.75	9747	1	183
11375000	0.04	9617	1	1
11385000	0.02	9903	1	5
11395000	7.69	8708	1	219
11405000	1.14	9900	13	234
11415000	0.26	9792	1	85
11425000	1.03	9732	1	175
11435000	1.83	9547	1	195
11445000	0.00	9998	1	1
11455000	0.01	9930	1	3
11465000	0.11	9949	2	48
11475000	0.06	9895	1	13
11485000	0.02	9977	1	37
11495000	0.00	9995	5	8
11505000	0.00	9998	4	4
11515000	0.00	9995	1	7
11535000	0.04	9748	1	2
11545000	0.04	9631	1	2
11555000	0.04	9601	1	6
11565000	0.05	9564	1	2
11575000	0.04	9699	1	2
11585000	0.02	9812	1	2
11595000	0.03	9732	1	2
11645000	0.14	9978	1	156
11655000	0.00	9991	2	5
11685000	0.01	9976	1	18
11695000	0.04	9925	1	18
11705000	0.14	9984	1	156
11715000	0.01	9964	1	13
11725000	0.23	9862	1	156
11735000	0.21	9945	1	156
11745000	0.48	9919	1	156
11755000	0.02	9948	1	14
11765000	11.83	8601	1	289
11775000	0.02	9920	1	28
11785000	0.02	9990	14	30
11795000	0.01	9995	1	21
11805000	0.00	9995	1	1
11815000	0.07	9916	1	35
11825000	0.01	9981	1	5
11835000	0.01	9988	1	10
11845000	0.00	9983	1	5
11855000	0.01	9964	1	3
11865000	4.56	9148	1	216
11875000	0.01	9976	1	7
11895000	0.00	9979	1	1
11905000	0.63	9906	1	221
11915000	0.00	9988	1	2
11935000	0.23	9966	4	104
11945000	1.98	9396	1	215
11985000	0.00	9994	1	4
11995000	6.41	9003	1	289
12005000	3.96	9576	1	289
12015000	3.05	9501	1	219
12025000	0.00	9996	1	1
12035000	1.35	9614	1	145
12045000	4.39	9403	1	231
12055000	0.67	9804	1	151
12065000	0.09	9919	1	63
12075000	0.00	9986	2	4
12085000	0.00	9999	1	1
12095000	0.00	9991	1	2
12115000	0.05	9954	1	32
12135000	0.24	9785	1	40
12145000	6.65	8996	1	289
12155000	0.00	9985	1	2
12175000	0.91	9720	1	215
12185000	0.21	9824	1	75
12195000	5.16	9595	1	269
12215000	0.00	9996	1	1
12225000	4.12	9687	1	289
12255000	0.03	9964	1	18
12275000	3.60	9592	1	281
12305000	0.00	9999	1	1
12315000	0.00	9996	9	9
12325000	0.00	9998	1	1
12335000	0.02	9990	19	27
12345000	0.00	9998	1	1
12355000	0.16	9890	1	27
12375000	0.00	9992	1	1
12385000	0.01	9964	1	6
12405000	0.67	9933	1	198
12415000	0.00	9999	1	1
12425000	0.00	9996	1	1
12455000	0.02	9938	1	22
12465000	0.04	9890	1	26
12505000	0.04	9862	1	21
12515000	0.00	9991	1	5
12525000	2.70	9386	1	269
12535000	0.01	9914	1	1
12555000	0.24	9914	1	115
12565000	0.01	9953	1	3
12575000	1.35	9786	1	247
12585000	1.64	9817	1	287
12605000	0.00	9956	1	2
12615000	0.00	9982	1	1
12625000	0.00	9984	1	2
12635000	0.98	9782	1	234
12655000	0.01	9988	1	18
12665000	0.00	9992	1	1
12675000	0.02	9958	1	9
12715000	0.00	9992	2	3
12725000	0.00	9988	1	1
12735000	0.04	9983	1	39
12755000	0.00	9980	1	2
12765000	0.00	9996	4	4
12815000	0.16	9821	1	50
12825000	0.01	9974	1	4
12845000	0.01	9941	1	1
12855000	0.61	9711	1	198
12875000	0.00	9978	1	4
12885000	0.08	9887	1	21
12895000	0.00	9988	1	1
12915000	0.01	9973	1	19
12945000	0.00	9980	1	1
12975000	0.15	9817	1	113
12985000	0.07	9971	1	48
12995000	4.68	9183	1	246
13005000	0.01	9919	1	3
13015000	4.68	9507	1	247
13035000	0.89	9689	1	204
13045000	0.54	9920	1	213
13055000	0.03	9979	1	35
13075000	0.11	9899	1	107
13085000	1.52	9686	1	200
13095000	0.00	9987	1	1
13105000	6.53	8801	1	289
13125000	2.16	9777	1	270
13135000	13.87	8062	1	289
13145000	0.64	9649	1	72
13185000	11.07	7501	1	263
13195000	0.02	9943	1	8
13205000	0.00	9999	1	1
13215000	0.06	9980	1	107
13235000	0.00	9986	1	3
13255000	0.15	9799	1	50
13265000	0.00	9991	1	2
13275000	0.01	9946	1	3
13285000	0.00	9979	1	1
13295000	0.01	9982	3	5
13315000	0.32	9786	1	50
13335000	0.01	9980	1	26
13365000	0.02	9754	1	1
13375000	0.00	9994	1	3
13385000	0.00	9993	1	1
13395000	0.17	9778	1	50
13405000	0.00	9988	1	1
13425000	0.48	9920	1	269
13455000	0.19	9981	1	241
13465000	3.84	9657	1	247
13505000	0.00	9999	1	1
13515000	1.02	9874	1	216
13525000	0.64	9695	1	67
13535000	10.25	8237	1	289
13545000	1.25	9876	1	219
13565000	11.04	7558	1	216
13575000	0.11	9805	1	21
13625000	0.32	9929	1	204
13635000	0.00	9969	1	3
13645000	0.15	9967	1	107
13655000	0.00	9999	2	2
13665000	0.01	9946	1	2
13685000	0.05	9912	1	40
13695000	1.82	9268	1	145
13705000	1.56	9522	1	216
13725000	0.60	9560	1	61
13735000	5.62	9275	1	247
13745000	6.04	9211	1	216
13755000	0.43	9818	1	63
13775000	7.40	8540	1	216
13785000	1.45	9405	1	176
13795000	0.04	9967	1	20
13805000	0.00	9999	1	1
13815000	0.27	9878	1	234
13825000	0.00	9993	1	2
13845000	0.00	9993	1	1
13855000	4.91	9019	1	265
13865000	0.00	9995	1	4
13875000	0.01	9937	1	7
13895000	0.03	9821	1	4
13905000	0.01	9930	1	1
13915000	6.66	9055	1	247
13925000	0.01	9941	1	6
13935000	0.01	9988	1	29
13945000	0.04	9933	1	132
13955000	0.36	9763	1	61
13965000	6.37	9094	1	281
13975000	5.09	8801	1	175
14005000	0.03	9987	1	25
14015000	2.43	9247	1	129
14025000	12.12	8240	1	289
14035000	8.43	8182	1	215
14045000	0.03	9969	1	25
14055000	0.00	9997	1	1
14075000	0.02	9978	1	30
14095000	2.28	9830	1	289
14105000	4.01	9042	1	215
14115000	0.00	9998	8	8
14135000	0.00	9981	1	4
14155000	1.37	9906	5	204
14165000	0.19	9954	1	265
14185000	0.19	9732	1	50
14195000	0.18	9757	1	50
14205000	0.04	9849	1	21
14215000	1.81	9802	1	204
14225000	0.67	9797	1	263
14245000	0.00	9978	2	4
14255000	0.00	9987	1	1
14275000	1.84	9724	1	215
14285000	0.49	9895	1	84
14295000	1.05	9607	1	219
14305000	0.08	9967	1	90
14315000	0.00	9976	1	1
14325000	0.00	9993	1	2
14355000	0.00	9993	1	1
14365000	0.01	9976	2	5
14375000	0.01	9988	2	10
14385000	0.00	9977	1	2
14395000	4.29	9092	1	263
14415000	0.00	9983	1	1
14435000	0.01	9939	1	3
14465000	0.01	9975	2	3
14475000	0.05	9976	1	31
14485000	0.02	9920	1	5
14495000	0.19	9746	1	50
14515000	0.01	9944	1	3
14545000	0.03	9942	1	29
14555000	2.72	9750	1	289
14565000	0.00	9999	3	3
14575000	1.68	9696	1	234
14585000	0.00	9987	1	2
14595000	0.03	9867	1	5
14605000	0.01	9940	1	5
14615000	0.00	9997	1	1
14645000	0.00	9964	1	2
14675000	4.13	9495	1	247
14705000	2.45	9550	1	281
14725000	0.17	9786	1	50
14755000	0.00	9995	1	1
14775000	0.01	9981	1	19
14785000	0.11	9940	1	50
14805000	0.11	9959	3	50
14815000	0.01	9915	1	3
14835000	0.02	9804	1	1
14865000	0.26	9818	1	50
14875000	0.63	9880	1	263
14885000	1.44	9595	1	216
14895000	0.11	9893	1	62
14915000	4.34	9276	1	263
14925000	3.04	9197	1	145
14945000	0.01	9990	4	10
14955000	4.13	9339	1	289
14965000	3.07	9331	1	215
14975000	0.23	9907	1	208
15015000	0.44	9911	1	153
15025000	0.14	9978	12	75
15035000	0.09	9756	1	14
15045000	1.43	9820	1	210
15055000	2.44	9503	1	207
15085000	0.16	9968	1	134
15095000	3.58	9640	1	289
15115000	0.72	9818	1	204
15125000	0.22	9917	1	61
15135000	0.03	9994	3	139
15145000	0.03	9993	3	86
15155000	5.16	9146	1	289
15165000	2.91	9389	1	214
15175000	0.02	9997	3	130
15195000	0.18	9904	2	35
15205000	0.00	9996	1	13
15215000	0.06	9984	1	134
15225000	0.01	9884	1	1
15235000	1.35	9819	1	221
15245000	0.07	9861	1	31
15255000	0.00	9986	1	2
15265000	0.00	9967	1	1
15275000	0.00	9996	1	1
15325000	0.12	9973	1	104
15345000	1.82	9630	1	219
15365000	0.13	9863	1	50
15375000	0.01	9993	1	44
15405000	0.00	9991	1	2
15415000	4.95	9341	1	289
15435000	4.08	9249	1	247
15445000	0.03	9976	1	15
15475000	0.28	9769	1	48
15515000	0.02	9844	1	6
15525000	0.67	9744	1	234
15535000	0.02	9941	1	14
15555000	0.11	9887	1	241
15575000	0.48	9915	1	214
15595000	2.27	9577	1	211
15605000	0.04	9945	1	27
15615000	0.37	9814	1	65
15625000	2.01	9761	1	221
15645000	0.00	9982	2	4
15655000	2.18	9694	1	216
15665000	0.01	9980	1	28
15675000	1.99	9784	1	204
15685000	0.00	9999	1	1
15695000	0.01	9998	1	119
15705000	0.25	9893	1	151
15715000	0.12	9913	1	151
15725000	9.67	8825	1	289
15735000	1.02	9577	1	107
15745000	4.03	9672	1	289
15755000	0.07	9887	1	40
15775000	0.00	9998	1	1
15795000	3.04	9207	1	234
15815000	0.04	9903	1	21
15845000	2.04	9799	1	207
15865000	0.01	9976	1	7
15875000	0.02	9761	1	1
15885000	0.15	9949	2	50
15895000	5.18	8930	1	247
15905000	0.95	9792	1	221
15925000	0.00	9997	1	1
15935000	3.17	9679	1	289
15945000	0.32	9898	1	106
15955000	0.05	9971	14	20
15965000	0.00	9998	1	1
15975000	1.08	9843	1	247
15995000	0.00	9980	1	1
16015000	0.79	9840	1	198
16025000	0.37	9817	1	94
16035000	5.38	9013	1	206
16045000	0.00	9995	1	1
16055000	0.00	9982	1	2
16075000	0.00	9993	1	1
16085000	0.00	9961	1	1
16115000	0.00	9993	1	6
16125000	4.15	8905	1	205
16135000	0.00	9990	1	2
16165000	0.05	9593	1	5
16175000	0.00	9992	3	4
16185000	0.73	9743	1	216
16225000	1.85	9544	1	281
16235000	0.00	9988	2	2
16245000	0.07	9983	2	140
16255000	0.04	9984	17	31
16265000	0.18	9750	1	50
16285000	0.00	9991	1	1
16295000	1.03	9884	5	247
16305000	0.01	9963	1	42
16325000	0.00	9995	1	1
16335000	0.22	9739	1	50
16345000	0.00	9992	1	1
16355000	0.07	9980	2	140
16365000	0.40	9765	1	112
16375000	1.61	9763	1	281
16415000	0.75	9728	1	216
16425000	0.04	9610	1	4
16435000	2.35	9429	1	269
16475000	1.11	9738	1	167
16495000	0.00	9969	1	1
16505000	0.01	9880	1	1
16515000	1.88	9752	1	289
16525000	0.00	9989	1	3
16545000	0.00	9996	1	1
16555000	0.00	9999	1	1
16575000	0.00	9997	2	3
16605000	0.25	9968	1	267
16625000	2.00	9731	1	289
16635000	0.00	9996	1	1
16645000	0.07	9939	1	48
16655000	0.00	9991	1	6
16685000	0.01	9973	1	8
16695000	2.42	9709	1	216
16715000	0.00	9984	1	3
16735000	0.01	9976	1	12
16745000	0.01	9988	1	15
16755000	0.05	9890	2	11
16765000	1.63	9704	1	247
16775000	0.40	9901	1	125
16785000	0.16	9818	1	48
16825000	0.00	9993	1	3
16835000	0.01	9995	4	44
16855000	0.04	9891	1	14
16865000	3.43	9128	1	213
16885000	0.00	9973	1	1
16895000	0.91	9877	1	269
16905000	3.70	9358	1	287
16915000	3.63	9112	1	267
16925000	5.81	9233	1	289
16935000	0.00	9997	4	4
16945000	0.01	9963	1	4
16955000	0.01	9968	1	6
16975000	3.22	9519	1	219
16995000	8.14	8841	1	216
17015000	0.10	9942	1	50
17035000	0.01	9941	1	2
17045000	0.01	9955	1	4
17065000	12.30	7618	1	263
17075000	2.95	8982	1	85
17085000	0.93	9598	1	50
17095000	0.00	9997	1	1
17105000	9.81	8961	1	289
17115000	0.00	9996	1	4
17145000	0.00	9999	1	1
17165000	0.00	9995	1	2
17185000	0.05	9816	1	21
17205000	0.01	9984	3	9
17215000	0.33	9891	2	77
17225000	1.51	9597	1	204
17235000	0.15	9812	1	50
17245000	0.00	9983	1	1
17265000	3.93	9715	1	289
17275000	0.01	9961	1	2
17305000	0.00	9975	1	2
17315000	1.04	9804	1	133
17325000	4.37	9320	1	246
17355000	0.00	9985	1	2
17375000	0.06	9894	1	19
17385000	11.09	8410	1	288
17395000	0.00	9993	1	17
17425000	0.00	9999	5	5
17435000	3.33	9447	1	269
17445000	0.06	9846	1	14
17455000	1.27	9714	1	194
17545000	3.07	9561	1	289
17555000	0.00	9999	1	1
17585000	0.00	9999	10	10
17595000	2.15	9625	1	215
17605000	0.00	9960	1	2
17615000	0.00	9996	1	1
17645000	0.01	9975	1	42
17665000	0.00	9994	1	1
17675000	0.30	9945	1	140
17695000	1.09	9664	1	186
17705000	0.01	9927	1	1
17715000	1.74	9399	1	214
17725000	0.00	9995	1	1
17765000	0.01	9881	1	1
17805000	0.98	9910	1	271
17815000	2.33	9844	1	216
17845000	0.32	9971	1	134
17855000	0.18	9975	2	107
17865000	0.30	9781	1	50
17875000	9.65	9033	1	289
17895000	1.38	9803	1	214
17905000	0.97	9751	1	163
17915000	0.00	9999	2	2
17935000	0.00	9997	1	1
17945000	0.83	9927	34	234
17955000	0.55	9786	1	128
17965000	0.55	9786	1	128
17975000	0.83	9924	1	234
18015000	2.40	9515	1	214
18025000	0.00	9998	1	1
18045000	9.65	9033	1	289
18055000	0.49	9756	1	107
18075000	0.32	9971	1	134
18105000	3.31	9754	1	271
18155000	0.01	9881	1	1
18195000	1.52	9576	1	214
18205000	0.22	9818	1	139
18215000	1.73	9637	1	289
18225000	0.17	9923	1	105
18245000	0.30	9939	1	140
18265000	0.00	9997	1	1
18275000	0.00	9985	1	2
18305000	0.00	9996	1	1
18315000	1.69	9780	1	215
18325000	0.47	9804	1	108
18335000	0.01	9995	1	45
18365000	0.12	9932	1	99
18375000	2.95	9628	1	289
18475000	0.05	9983	1	88
18495000	0.11	9767	1	44
18525000	0.01	9941	1	1
18535000	0.00	9997	3	11
18545000	1.65	9884	7	219
18565000	0.00	9998	1	1
18625000	0.02	9840	1	1
18655000	0.07	9965	1	39
18705000	0.02	9840	1	1
18765000	0.00	9998	1	1
18785000	1.65	9884	7	219
18795000	0.00	9997	3	11
18805000	0.01	9941	1	1
18835000	0.11	9765	1	44
18855000	0.05	9983	1	88
18895000	0.07	9917	1	31
18905000	6.55	9017	1	265
18915000	0.00	9997	1	1
18935000	0.00	9997	1	1
18945000	0.00	9995	1	1
18955000	0.00	9998	1	2
18965000	0.04	9954	1	18
18995000	0.00	9982	1	6
19015000	6.67	9070	1	216
19035000	0.00	9962	1	2
19045000	3.78	8884	1	138
19065000	0.07	9961	1	31
19085000	0.01	9894	1	1
19095000	0.00	9987	1	1
19115000	3.94	9486	1	289
19125000	0.26	9925	1	95
19135000	0.00	9994	1	1
19165000	0.49	9951	1	206
19175000	0.21	9969	1	125
19185000	0.16	9934	1	104
19195000	0.78	9739	1	221
19215000	1.40	9814	1	288
19225000	2.44	9648	1	204
19235000	0.23	9919	1	139
19255000	0.00	9993	1	1
19265000	0.55	9849	1	163
19285000	0.01	9993	12	18
19295000	2.35	9762	1	287
19315000	0.19	9916	1	125
19325000	0.00	9999	1	1
19345000	1.50	9846	1	214
19355000	0.09	9914	1	50
19365000	0.00	9987	1	1
19375000	3.22	9530	1	288
19385000	3.91	8898	1	215
19405000	0.03	9977	7	15
19415000	2.50	9578	1	289
19425000	2.92	9131	1	176
19435000	0.00	9997	1	1
19445000	0.27	9911	1	145
19455000	0.00	9993	1	1
19465000	0.00	9997	3	4
19475000	3.40	9372	1	247
19515000	0.36	9833	1	42
19525000	0.00	9984	2	2
19535000	0.00	9998	1	1
19545000	0.08	9956	1	27
19555000	0.00	9997	1	1
19585000	1.54	9671	1	214
19595000	0.00	9994	1	2
19625000	0.01	9977	1	8
19635000	0.96	9720	1	214
19645000	0.68	9880	1	176
19655000	0.00	9986	1	1
19665000	0.00	9964	1	4
19675000	7.16	9206	1	289
19685000	5.97	9322	1	289
19695000	0.02	9960	1	13
19705000	0.00	9986	1	2
19725000	0.16	9831	2	50
19735000	0.02	9982	1	121
19755000	1.57	9380	1	127
19765000	0.00	9997	1	1
19775000	0.04	9940	1	15
19785000	0.56	9842	1	188
19795000	0.01	9981	1	10
19805000	0.01	9974	1	22
19815000	0.12	9991	1	171
19835000	0.93	9884	1	289
19845000	1.53	9817	1	215
19855000	2.78	9352	1	216
19865000	0.96	9808	1	215
19895000	0.00	9991	1	1
19925000	0.01	9982	1	6
19935000	3.99	9634	1	289
19945000	0.07	9964	1	44
19955000	0.53	9906	1	161
19985000	0.00	9999	4	4
19995000	3.67	9392	1	278
20015000	0.00	9990	1	2
20025000	3.04	9630	1	247
20035000	1.49	9426	1	145
20045000	1.92	9727	1	216
20055000	1.21	9862	1	215
20065000	0.01	9920	1	1
20075000	0.01	9872	1	1
20085000	0.02	9755	1	1
20095000	0.06	9374	1	1
20105000	0.00	9960	1	1
20115000	0.01	9912	1	1
20125000	0.05	9493	1	1
20135000	0.02	9818	1	1
20145000	0.01	9874	1	1
20155000	0.01	9907	1	1
20165000	0.07	9279	1	1
20175000	0.04	9591	1	1
20185000	0.01	9850	1	1
20195000	0.01	9944	1	1
20205000	0.00	9999	1	1
20265000	0.06	9404	1	1
20275000	0.06	9394	1	1
20285000	0.02	9793	1	1
20295000	0.00	9977	1	1
20305000	0.05	9549	1	1
20315000	0.01	9881	1	1
20325000	0.00	9992	1	1
20335000	0.00	9985	1	1
20345000	0.00	9985	1	1
20355000	0.00	9986	1	1
20375000	9.13	7724	1	281
20385000	4.42	9153	1	289
20395000	0.41	9807	1	71
20435000	5.08	9633	1	269
20455000	0.00	9970	1	1
20465000	3.06	9636	1	198
20475000	10.50	8565	1	289
20485000	3.58	8916	1	263
20505000	1.46	9573	1	145
20515000	3.35	9499	1	277
20535000	2.52	9444	1	281
20555000	0.01	9983	1	18
20585000	0.05	9976	3	39
20595000	0.40	9853	1	204
20605000	0.92	9778	1	263
20625000	0.84	9742	1	208
20635000	4.63	9490	1	247
20645000	0.00	9984	1	1
20655000	0.03	9873	1	5
20685000	0.04	9958	1	118
20695000	3.10	9613	1	219
20725000	1.16	9870	1	204
20735000	0.07	9973	1	134
20775000	0.00	9992	1	2
20795000	0.71	9787	1	232
20805000	0.01	9990	1	14
20815000	1.82	9769	1	247
20825000	2.05	9676	1	214
20835000	0.82	9571	1	84
20845000	0.01	9981	1	99
20855000	0.92	9775	1	219
20865000	0.53	9786	1	84
20875000	1.27	9637	1	289
20885000	3.00	9574	1	247
20895000	1.53	9814	1	215
20915000	1.17	9743	1	269
20925000	3.42	9268	1	216
20935000	0.63	9949	1	198
20945000	2.77	9574	1	289
20955000	6.90	8760	1	216
20965000	5.31	9514	1	289
21015000	4.38	8956	1	216
21035000	4.47	9255	1	289
21045000	0.00	9988	1	6
21055000	2.84	9198	1	214
21065000	0.20	9921	3	33
21075000	5.23	9123	1	216
21105000	1.93	9832	1	215
21115000	0.03	9943	1	130
21125000	0.04	9949	1	42
21135000	0.26	9884	1	204
21155000	0.00	9957	1	2
21165000	4.10	9153	1	216
21175000	0.70	9803	1	214
21185000	0.00	9994	1	1
21205000	0.92	9747	1	216
21225000	0.00	9993	1	1
21265000	0.00	9983	1	4
21275000	0.00	9999	2	2
21295000	0.08	9826	1	18
21315000	0.00	9987	1	3
21355000	2.04	9770	1	219
21365000	1.69	9613	1	204
21405000	1.50	9846	1	217
21415000	0.00	9983	1	2
21435000	0.00	9998	1	1
21445000	0.01	9947	1	6
21455000	0.00	9992	1	1
21475000	0.01	9894	1	1
21505000	0.05	9501	1	1
21525000	0.05	9501	1	1
21555000	0.05	9501	1	1
21605000	0.07	9985	1	107
21625000	0.13	9817	1	182
21635000	0.00	9998	1	1
21655000	0.07	9952	1	48
21665000	0.00	9971	1	2
21675000	0.02	9882	1	5
21685000	0.02	9903	1	4
21725000	0.01	9944	1	2
21795000	0.01	9944	1	2
21815000	0.00	9997	1	1
21885000	0.05	9501	1	1
21905000	0.01	9857	1	1
21915000	0.04	9638	1	1
21935000	0.00	9997	1	1
21965000	0.00	9971	1	1
21985000	0.17	9965	1	100
21995000	3.42	9383	1	268
22005000	3.68	9459	1	221
22015000	0.00	9999	1	1
22045000	0.62	9918	1	171
22055000	0.59	9916	1	216
22075000	1.29	9886	1	289
22095000	0.00	9994	1	15
22135000	0.33	9964	1	134
22175000	0.04	9591	1	1
22195000	2.19	9638	1	269
22215000	0.02	9967	1	7
22225000	0.32	9993	1	854
22235000	3.83	9350	1	289
22245000	0.00	9993	1	1
22265000	0.00	9981	1	1
22275000	0.18	9870	1	134
22285000	0.03	9743	1	4
22295000	3.39	9499	1	219
22325000	0.00	9992	1	4
22345000	12.27	7428	1	289
22355000	0.04	9937	1	27
22385000	0.02	9968	3	7
22395000	1.83	9767	1	269
22405000	0.04	9897	1	14
22415000	0.01	9877	1	1
22425000	0.04	9650	1	1
22455000	0.15	9977	1	134
22495000	0.00	9999	15	15
22505000	0.00	9995	1	3
22525000	1.72	9851	1	289
22545000	1.21	9834	1	216
22585000	0.00	9999	1	1
22595000	5.54	9113	1	268
22605000	1.73	9708	1	206
22635000	0.00	9971	1	1
22665000	0.00	9997	1	1
22695000	0.00	9996	1	11
22705000	0.02	9834	1	1
22715000	0.03	9815	1	6
22745000	0.00	9993	1	3
22755000	0.04	9983	1	27
22775000	1.29	9864	1	289
22785000	2.15	9581	1	234
22795000	0.01	9958	1	3
22855000	0.49	9870	1	218
22865000	4.62	8626	1	186
22875000	1.95	9735	1	214
22885000	0.19	9953	1	220
22895000	0.11	9540	1	5
22905000	0.47	9801	1	107
22925000	0.13	9900	1	57
22935000	0.89	9939	22	219
22945000	0.11	9833	1	50
22955000	0.60	9774	1	145
23035000	0.04	9989	24	48
23055000	0.12	9940	1	142
23065000	0.14	9744	1	50
23085000	0.02	9799	1	2
23095000	0.05	9982	1	88
23115000	0.05	9933	1	41
23125000	0.01	9903	1	1
23135000	0.07	9948	1	48
23145000	0.03	9927	1	20
23155000	9.35	7755	1	234
23165000	0.00	9991	1	1
23175000	0.02	9840	1	1
23185000	0.02	9840	1	1
23195000	0.04	9762	1	5
23205000	0.04	9844	1	21
23215000	0.00	9990	3	4
23225000	0.04	9805	1	21
23235000	0.02	9840	1	1
23245000	0.00	9982	1	1
23255000	0.00	9982	1	1
23265000	9.58	7703	1	234
23275000	0.01	9936	1	1
23285000	0.01	9937	1	1
23295000	0.07	9948	1	48
23305000	0.01	9903	1	1
23315000	0.05	9933	1	41
23335000	0.09	9982	1	88
23345000	0.02	9793	1	2
23365000	0.31	9640	1	215
23375000	0.02	9814	1	1
23385000	6.91	8307	1	215
23395000	0.00	9997	1	1
23415000	0.01	9925	1	2
23425000	0.01	9940	1	2
23435000	0.01	9907	1	1
23445000	7.74	9081	1	289
23455000	0.00	9998	3	3
23495000	0.03	9815	1	6
23505000	0.02	9834	1	1
23545000	0.00	9997	1	1
23575000	0.00	9971	1	1
23595000	0.48	9853	1	206
23605000	2.74	9484	1	268
23615000	3.67	9513	1	221
23625000	0.00	9999	1	1
23655000	1.23	9832	1	216
23665000	0.12	9879	1	20
23685000	1.01	9837	1	289
23705000	0.01	9989	1	15
23715000	5.01	9131	1	281
23725000	0.00	9969	1	1
23735000	2.68	9542	1	215
23745000	0.10	9916	1	33
23755000	0.12	9903	1	50
23765000	1.30	9749	1	186
23775000	0.79	9896	1	198
23785000	0.77	9826	1	173
23795000	0.35	9858	1	167
23815000	0.03	9989	1	132
23895000	0.01	9989	4	8
23905000	0.68	9932	1	247
23915000	4.41	9218	1	268
23945000	0.33	9729	1	65
23955000	0.14	9967	1	213
23965000	12.25	8185	1	234
23975000	0.09	9976	2	84
23985000	2.65	9611	1	247
24005000	0.00	9995	1	1
24015000	0.25	9974	2	134
24025000	0.14	9956	1	107
24065000	0.75	9800	1	214
24075000	1.41	9754	1	142
24095000	0.00	9996	2	2
24115000	1.15	9527	1	289
24125000	3.26	9739	1	289
24135000	2.52	9820	1	289
24145000	0.08	9939	2	21
24165000	0.06	9873	1	44
24175000	0.00	9984	1	2
24195000	0.01	9949	1	2
24205000	0.00	9991	1	1
24215000	0.03	9811	1	3
24225000	6.40	8883	1	289
24235000	3.23	9497	1	232
24255000	0.02	9819	1	1
24275000	0.01	9979	1	5
24285000	0.02	9797	1	1
24295000	1.15	9838	1	216
24305000	4.82	8642	1	289
24315000	0.02	9959	1	17
24325000	0.00	9995	1	1
24335000	0.19	9976	1	134
24345000	0.01	9949	1	1
24355000	0.00	9977	1	2
24365000	0.03	9944	1	17
24385000	0.04	9983	1	27
24415000	4.36	9377	1	289
24425000	0.00	9965	1	2
24435000	0.00	9990	2	3
24485000	0.33	9897	1	218
24495000	6.14	8530	1	186
24515000	1.46	9713	1	220
24535000	0.59	9331	1	107
24555000	0.00	9971	1	3
24565000	1.02	9868	1	219
24575000	0.12	9846	1	50
24585000	0.53	9740	1	145
24665000	0.04	9989	24	48
24685000	0.11	9980	9	142
24695000	0.03	9980	1	134
24705000	0.14	9745	1	50
24715000	0.02	9833	1	2
24725000	0.00	9960	1	1
24735000	0.05	9986	1	88
24745000	0.05	9933	1	41
24755000	0.00	9998	1	1
24765000	0.01	9905	1	1
24775000	0.08	9917	1	48
24785000	10.27	7725	1	234
24795000	0.00	9982	1	1
24805000	0.00	9991	1	1
24815000	0.08	9547	1	21
24825000	0.00	9995	3	4
24835000	0.00	9995	3	4
24845000	0.08	9547	1	21
24855000	0.02	9781	1	1
24865000	0.00	9991	1	1
24875000	0.00	9982	1	1
24885000	10.29	7651	1	234
24895000	0.01	9936	1	1
24905000	0.08	9917	1	48
24915000	0.01	9905	1	1
24925000	0.00	9998	1	1
24935000	0.05	9933	1	41
24945000	0.00	9996	1	2
24955000	0.00	9960	1	1
24965000	0.02	9833	1	2
24975000	0.14	9745	1	50
24985000	0.00	9978	1	2
24995000	0.11	9980	9	142
25015000	0.04	9989	24	48
25095000	0.54	9738	1	145
25105000	0.12	9846	1	50
25115000	1.02	9868	1	219
25125000	0.00	9971	1	3
25145000	0.53	9353	1	107
25165000	1.46	9713	1	220
25185000	5.81	8538	1	186
25195000	1.20	9815	1	247
25245000	0.00	9990	2	3
25255000	0.00	9975	1	1
25265000	4.36	9390	1	289
25295000	0.00	9997	1	1
25315000	0.03	9944	1	17
25325000	0.00	9977	1	2
25335000	0.01	9949	1	1
25345000	0.19	9976	1	134
25355000	0.00	9995	1	1
25365000	0.02	9959	1	17
25375000	4.62	8581	1	204
25385000	1.62	9811	1	289
25395000	0.02	9797	1	1
25405000	0.08	9971	1	50
25425000	0.02	9819	1	1
25445000	3.33	9486	1	232
25455000	6.41	8879	1	289
25465000	0.03	9811	1	3
25475000	0.00	9991	1	1
25485000	0.01	9949	1	2
25505000	0.00	9984	1	2
25515000	0.06	9874	1	44
25535000	0.08	9939	2	21
25545000	3.26	9739	1	289
25555000	2.52	9820	1	289
25565000	1.15	9527	1	289
25585000	0.00	9996	2	2
25605000	1.16	9789	1	137
25615000	0.75	9800	1	214
25655000	0.17	9953	1	107
25665000	0.32	9970	2	134
25675000	0.00	9995	1	1
25695000	2.35	9635	1	247
25705000	0.09	9976	2	84
25715000	12.25	8188	1	234
25725000	0.14	9967	1	213
25735000	0.33	9728	1	65
25765000	4.52	9246	1	268
25775000	0.68	9932	1	247
25785000	0.01	9989	4	8
25865000	0.00	9999	1	1
25885000	0.24	9873	1	167
25895000	0.77	9826	1	173
25905000	0.79	9896	1	198
25915000	1.31	9747	1	186
25925000	0.12	9903	1	50
25935000	0.10	9917	1	33
25945000	2.68	9542	1	215
25955000	0.00	9969	1	1
25965000	5.01	9131	1	281
25975000	0.01	9989	1	15
25995000	1.01	9837	1	289
26015000	0.14	9853	1	20
26025000	1.23	9832	1	216
26055000	0.00	9999	1	1
26065000	3.67	9513	1	221
26075000	2.58	9499	1	268
26085000	0.77	9837	1	206
26105000	0.00	9971	1	1
26135000	0.00	9997	1	1
26175000	0.02	9834	1	1
26185000	0.03	9815	1	6
26225000	0.00	9998	3	3
26235000	7.81	9070	1	289
26245000	0.01	9907	1	1
26255000	0.01	9940	1	2
26265000	0.01	9925	1	2
26285000	0.00	9997	1	1
26295000	6.81	8371	1	215
26305000	0.02	9790	1	1
26315000	1.09	9636	1	247
26325000	0.17	9810	1	50
26335000	0.02	9947	1	13
26345000	6.10	8567	1	215
26355000	2.00	9756	1	289
26375000	0.00	9991	1	1
26385000	0.00	9984	1	6
26395000	0.15	9945	1	145
26405000	0.00	9975	1	4
26415000	0.27	9882	1	50
26435000	0.07	9985	2	214
26455000	0.01	9977	1	9
26475000	0.00	9997	1	4
26485000	0.00	9991	1	1
26495000	1.19	9845	1	289
26515000	0.03	9752	1	2
26535000	0.39	9902	1	195
26545000	0.00	9974	1	2
26575000	0.00	9998	1	2
26585000	0.18	9731	1	50
26605000	1.29	9662	1	129
26615000	1.84	9669	1	281
26625000	0.00	9978	1	5
56675000	2.87	8618	1	38
56685000	17.81	1888	1	54
56695000	16.47	2202	1	54
56705000	16.50	2307	1	54
56715000	16.73	2397	1	54
56725000	17.76	1987	1	54
56735000	16.87	2360	1	54
56745000	16.49	2310	1	54
56755000	16.50	2230	1	54
56765000	17.84	1955	1	54
56775000	11.92	4810	1	54
56825000	0.00	9990	2	3
56845000	0.02	9917	1	5
56855000	1.87	9386	1	198
56865000	0.04	9865	1	134
56875000	0.01	9893	1	1
56885000	0.01	9883	1	6
56895000	8.19	2591	1	289
